:date 10092019-09:42:37.000
:fixed_data
0 0 0 0 sd_sd1
:
:vdbench503_vdbench_data_for_swat303
:date 10092019-09:42:37.000 10092019-09:42:38.000
0 0 29 34 668 0 58 68 28 28 26 0 0 0
:
:vdbench503_vdbench_data_for_swat303
:date 10092019-09:42:38.000 10092019-09:42:39.000
0 0 51 45 858 0 102 90 27 27 27 0 0 0
:
:vdbench503_vdbench_data_for_swat303
:date 10092019-09:42:39.000 10092019-09:42:40.000
0 0 50 46 831 0 100 92 65 65 20 0 0 0
:
:vdbench503_vdbench_data_for_swat303
:date 10092019-09:42:40.000 10092019-09:42:41.000
0 0 58 54 803 0 116 108 25 20 25 0 0 0
:
:vdbench503_vdbench_data_for_swat303
:date 10092019-09:42:41.000 10092019-09:42:42.000
0 0 50 37 714 0 100 74 33 33 24 0 0 0
