:date 04182019-11:30:32.000
:fixed_data
0 0 0 0 sd_sd_varlog
:
:vdbench503_vdbench_data_for_swat303
:date 04182019-11:30:33.000 04182019-11:31:32.000
0 0 0 1649831 466906141 0 0 25232456 4226646 0 4226646 0 0 0
:
:vdbench503_vdbench_data_for_swat303
:date 04182019-11:31:34.000 04182019-11:32:33.000
0 0 7046 0 469614534 0 108620 0 3270592 3270592 0 0 0 0
:
:vdbench503_vdbench_data_for_swat303
:date 04182019-11:32:35.000 04182019-11:33:34.000
0 0 0 1132376 469670925 0 0 9059008 393755 0 393755 0 0 0
:
:vdbench503_vdbench_data_for_swat303
:date 04182019-11:33:36.000 04182019-11:34:35.000
0 0 0 418192 470645549 0 0 6691072 290701 0 290701 0 0 0
:
:vdbench503_vdbench_data_for_swat303
:date 04182019-11:34:37.000 04182019-11:35:36.000
0 0 0 378448 469767481 0 0 12110336 860666 0 860666 0 0 0
:
:vdbench503_vdbench_data_for_swat303
:date 04182019-11:35:38.000 04182019-11:36:37.000
0 0 0 152590 470438180 0 0 9765760 235057 0 235057 0 0 0
:
:vdbench503_vdbench_data_for_swat303
:date 04182019-11:36:39.000 04182019-11:37:38.000
0 0 0 127992 469590254 0 0 16382976 256803 0 256803 0 0 0
:
:vdbench503_vdbench_data_for_swat303
:date 04182019-11:37:40.000 04182019-11:38:39.000
0 0 0 116417 468355649 0 0 29802752 378143 0 378143 0 0 0
:
:vdbench503_vdbench_data_for_swat303
:date 04182019-11:38:41.000 04182019-11:39:40.000
0 0 0 61290 465222860 0 0 62760960 638313 0 638313 0 0 0
:
:vdbench503_vdbench_data_for_swat303
:date 04182019-11:39:42.000 04182019-11:40:41.000
0 0 0 63514 457915417 0 0 130076672 631072 0 631072 0 0 0
:
:vdbench503_vdbench_data_for_swat303
:date 04182019-11:40:43.000 04182019-11:41:42.000
0 0 0 42598 455634991 0 0 174481408 1029647 0 1029647 0 0 0
:
:vdbench503_vdbench_data_for_swat303
:date 04182019-11:41:44.000 04182019-11:42:43.000
0 0 68800 0 471557112 0 550400 0 221814 221814 0 0 0 0
:
:vdbench503_vdbench_data_for_swat303
:date 04182019-11:42:45.000 04182019-11:43:44.000
0 0 66763 0 471654773 0 1068208 0 294958 294958 0 0 0 0
:
:vdbench503_vdbench_data_for_swat303
:date 04182019-11:43:46.000 04182019-11:44:45.000
0 0 67388 0 471625844 0 2156416 0 550475 550475 0 0 0 0
:
:vdbench503_vdbench_data_for_swat303
:date 04182019-11:44:47.000 04182019-11:45:46.000
0 0 66768 0 471510593 0 4273152 0 297633 297633 0 0 0 0
:
:vdbench503_vdbench_data_for_swat303
:date 04182019-11:45:48.000 04182019-11:46:47.000
0 0 61912 0 471428269 0 7924736 0 298069 298069 0 0 0 0
:
:vdbench503_vdbench_data_for_swat303
:date 04182019-11:46:49.000 04182019-11:47:48.000
0 0 55435 0 471591367 0 14191360 0 314333 314333 0 0 0 0
:
:vdbench503_vdbench_data_for_swat303
:date 04182019-11:47:50.000 04182019-11:48:49.000
0 0 35516 0 471582031 0 36368384 0 2124101 2124101 0 0 0 0
:
:vdbench503_vdbench_data_for_swat303
:date 04182019-11:48:51.000 04182019-11:49:50.000
0 0 26134 0 471749500 0 53522432 0 1935373 1935373 0 0 0 0
:
:vdbench503_vdbench_data_for_swat303
:date 04182019-11:49:53.000 04182019-11:50:52.000
0 0 19219 0 470028469 0 78721024 0 2446729 2446729 0 0 0 0
:
:vdbench503_vdbench_data_for_swat303
:date 04182019-11:50:54.000 04182019-11:51:53.000
0 0 0 1239921 468586222 0 0 9919368 19834 0 19834 0 0 0
:
:vdbench503_vdbench_data_for_swat303
:date 04182019-11:51:55.000 04182019-11:52:54.000
0 0 0 1053691 468672487 0 0 16859056 22779 0 22779 0 0 0
:
:vdbench503_vdbench_data_for_swat303
:date 04182019-11:52:56.000 04182019-11:53:55.000
0 0 0 837615 468089577 0 0 26803680 20131 0 20131 0 0 0
:
:vdbench503_vdbench_data_for_swat303
:date 04182019-11:53:57.000 04182019-11:54:56.000
0 0 0 586152 468019842 0 0 37513728 212707 0 212707 0 0 0
:
:vdbench503_vdbench_data_for_swat303
:date 04182019-11:54:58.000 04182019-11:55:57.000
0 0 0 393841 467799249 0 0 50411648 413049 0 413049 0 0 0
:
:vdbench503_vdbench_data_for_swat303
:date 04182019-11:55:59.000 04182019-11:56:58.000
0 0 0 249198 467363241 0 0 63794688 414158 0 414158 0 0 0
:
:vdbench503_vdbench_data_for_swat303
:date 04182019-11:57:00.000 04182019-11:57:59.000
0 0 0 77855 467355626 0 0 79723520 407559 0 407559 0 0 0
:
:vdbench503_vdbench_data_for_swat303
:date 04182019-11:58:01.000 04182019-11:59:00.000
0 0 0 32678 467024001 0 0 66924544 411525 0 411525 0 0 0
:
:vdbench503_vdbench_data_for_swat303
:date 04182019-11:59:02.000 04182019-12:00:01.000
0 0 0 18196 465262742 0 0 74530816 420003 0 420003 0 0 0
:
:vdbench503_vdbench_data_for_swat303
:date 04182019-12:00:03.000 04182019-12:01:02.000
0 0 1546309 0 470716302 0 12370472 0 70204 70204 0 0 0 0
:
:vdbench503_vdbench_data_for_swat303
:date 04182019-12:01:04.000 04182019-12:02:03.000
0 0 1001084 0 471092865 0 16017344 0 255786 255786 0 0 0 0
:
:vdbench503_vdbench_data_for_swat303
:date 04182019-12:02:05.000 04182019-12:03:04.000
0 0 638344 0 471361884 0 20427008 0 71386 71386 0 0 0 0
:
:vdbench503_vdbench_data_for_swat303
:date 04182019-12:03:06.000 04182019-12:04:05.000
0 0 390833 0 471593514 0 25013312 0 153293 153293 0 0 0 0
:
:vdbench503_vdbench_data_for_swat303
:date 04182019-12:04:07.000 04182019-12:05:06.000
0 0 184660 0 471827796 0 23636480 0 1950829 1950829 0 0 0 0
:
:vdbench503_vdbench_data_for_swat303
:date 04182019-12:05:08.000 04182019-12:06:07.000
0 0 99546 0 471602902 0 25483776 0 1936127 1936127 0 0 0 0
:
:vdbench503_vdbench_data_for_swat303
:date 04182019-12:06:09.000 04182019-12:07:08.000
0 0 30276 0 471716581 0 31002624 0 2048376 2048376 0 0 0 0
:
:vdbench503_vdbench_data_for_swat303
:date 04182019-12:07:10.000 04182019-12:08:09.000
0 0 16486 0 471871586 0 33763328 0 2010397 2010397 0 0 0 0
:
:vdbench503_vdbench_data_for_swat303
:date 04182019-12:08:11.000 04182019-12:09:10.000
0 0 9296 0 472367672 0 38076416 0 1945225 1945225 0 0 0 0
