:date 04182019-15:21:16.000
:fixed_data
0 0 0 0 sd_sd_varlog
:
:vdbench503_vdbench_data_for_swat303
:date 04182019-15:21:17.000 04182019-15:22:16.000
0 0 0 1663533 466762158 0 0 25393301 1191863 0 1191863 0 0 0
:
:vdbench503_vdbench_data_for_swat303
:date 04182019-15:22:18.000 04182019-15:23:17.000
0 0 7774 0 471715300 0 121732 0 2741498 2741498 0 0 0 0
:
:vdbench503_vdbench_data_for_swat303
:date 04182019-15:23:20.000 04182019-15:24:19.000
0 0 0 1156145 469598649 0 0 9249160 844747 0 844747 0 0 0
:
:vdbench503_vdbench_data_for_swat303
:date 04182019-15:24:21.000 04182019-15:25:20.000
0 0 0 428206 470594154 0 0 6851296 330724 0 330724 0 0 0
:
:vdbench503_vdbench_data_for_swat303
:date 04182019-15:25:22.000 04182019-15:26:21.000
0 0 0 381798 469781068 0 0 12217536 197972 0 197972 0 0 0
:
:vdbench503_vdbench_data_for_swat303
:date 04182019-15:26:23.000 04182019-15:27:22.000
0 0 0 160154 470210419 0 0 10249856 285193 0 285193 0 0 0
:
:vdbench503_vdbench_data_for_swat303
:date 04182019-15:27:24.000 04182019-15:28:23.000
0 0 0 136444 469666870 0 0 17464832 266029 0 266029 0 0 0
:
:vdbench503_vdbench_data_for_swat303
:date 04182019-15:28:25.000 04182019-15:29:24.000
0 0 0 117508 468129179 0 0 30082048 349166 0 349166 0 0 0
:
:vdbench503_vdbench_data_for_swat303
:date 04182019-15:29:26.000 04182019-15:30:25.000
0 0 0 64237 463565493 0 0 65778688 715745 0 715745 0 0 0
:
:vdbench503_vdbench_data_for_swat303
:date 04182019-15:30:27.000 04182019-15:31:26.000
0 0 0 65188 458010450 0 0 133505024 611907 0 611907 0 0 0
:
:vdbench503_vdbench_data_for_swat303
:date 04182019-15:31:28.000 04182019-15:32:27.000
0 0 0 40162 458523657 0 0 164503552 876532 0 876532 0 0 0
:
:vdbench503_vdbench_data_for_swat303
:date 04182019-15:32:29.000 04182019-15:33:28.000
0 0 76823 0 471594643 0 614584 0 264893 264893 0 0 0 0
:
:vdbench503_vdbench_data_for_swat303
:date 04182019-15:33:30.000 04182019-15:34:29.000
0 0 72450 0 471610224 0 1159200 0 284896 284896 0 0 0 0
:
:vdbench503_vdbench_data_for_swat303
:date 04182019-15:34:31.000 04182019-15:35:30.000
0 0 70887 0 471582651 0 2268384 0 310438 310438 0 0 0 0
:
:vdbench503_vdbench_data_for_swat303
:date 04182019-15:35:32.000 04182019-15:36:31.000
0 0 68185 0 471568098 0 4363840 0 229983 229983 0 0 0 0
:
:vdbench503_vdbench_data_for_swat303
:date 04182019-15:36:33.000 04182019-15:37:32.000
0 0 63842 0 471612501 0 8171776 0 276643 276643 0 0 0 0
:
:vdbench503_vdbench_data_for_swat303
:date 04182019-15:37:34.000 04182019-15:38:33.000
0 0 55648 0 471643239 0 14245888 0 298197 298197 0 0 0 0
:
:vdbench503_vdbench_data_for_swat303
:date 04182019-15:38:35.000 04182019-15:39:34.000
0 0 36448 0 470675698 0 37322752 0 1926460 1926460 0 0 0 0
:
:vdbench503_vdbench_data_for_swat303
:date 04182019-15:39:37.000 04182019-15:40:36.000
0 0 25478 0 470963269 0 52178944 0 2001962 2001962 0 0 0 0
:
:vdbench503_vdbench_data_for_swat303
:date 04182019-15:40:39.000 04182019-15:41:38.000
0 0 18587 0 470701325 0 76132352 0 2655397 2655397 0 0 0 0
:
:vdbench503_vdbench_data_for_swat303
:date 04182019-15:41:42.000 04182019-15:42:41.000
0 0 0 1249572 468530114 0 0 9996576 28000 0 28000 0 0 0
:
:vdbench503_vdbench_data_for_swat303
:date 04182019-15:42:43.000 04182019-15:43:42.000
0 0 0 1046935 468624195 0 0 16750960 18993 0 18993 0 0 0
:
:vdbench503_vdbench_data_for_swat303
:date 04182019-15:43:44.000 04182019-15:44:43.000
0 0 0 840404 468007727 0 0 26892928 18604 0 18604 0 0 0
:
:vdbench503_vdbench_data_for_swat303
:date 04182019-15:44:45.000 04182019-15:45:44.000
0 0 0 636059 467873860 0 0 40707776 19864 0 19864 0 0 0
:
:vdbench503_vdbench_data_for_swat303
:date 04182019-15:45:46.000 04182019-15:46:45.000
0 0 0 417205 467759261 0 0 53402240 213202 0 213202 0 0 0
:
:vdbench503_vdbench_data_for_swat303
:date 04182019-15:46:47.000 04182019-15:47:46.000
0 0 0 251415 467258653 0 0 64362240 213774 0 213774 0 0 0
:
:vdbench503_vdbench_data_for_swat303
:date 04182019-15:47:48.000 04182019-15:48:47.000
0 0 0 74993 464493556 0 0 76792832 407034 0 407034 0 0 0
:
:vdbench503_vdbench_data_for_swat303
:date 04182019-15:48:49.000 04182019-15:49:48.000
0 0 0 34053 465105857 0 0 69740544 410171 0 410171 0 0 0
:
:vdbench503_vdbench_data_for_swat303
:date 04182019-15:49:50.000 04182019-15:50:49.000
0 0 0 17552 462089928 0 0 71892992 419478 0 419478 0 0 0
:
:vdbench503_vdbench_data_for_swat303
:date 04182019-15:50:51.000 04182019-15:51:50.000
0 0 1550692 0 470694366 0 12405536 0 50032 50032 0 0 0 0
:
:vdbench503_vdbench_data_for_swat303
:date 04182019-15:51:52.000 04182019-15:52:51.000
0 0 986292 0 471026775 0 15780672 0 98935 98935 0 0 0 0
:
:vdbench503_vdbench_data_for_swat303
:date 04182019-15:52:53.000 04182019-15:53:52.000
0 0 639053 0 471351574 0 20449696 0 192009 192009 0 0 0 0
:
:vdbench503_vdbench_data_for_swat303
:date 04182019-15:53:54.000 04182019-15:54:53.000
0 0 381152 0 471602604 0 24393728 0 1812945 1812945 0 0 0 0
:
:vdbench503_vdbench_data_for_swat303
:date 04182019-15:54:55.000 04182019-15:55:54.000
0 0 166394 0 464292120 0 21298432 0 1923343 1923343 0 0 0 0
:
:vdbench503_vdbench_data_for_swat303
:date 04182019-15:55:56.000 04182019-15:56:55.000
0 0 89596 0 464393647 0 22936576 0 1984564 1984564 0 0 0 0
:
:vdbench503_vdbench_data_for_swat303
:date 04182019-15:56:57.000 04182019-15:57:56.000
0 0 34526 0 471951419 0 35354624 0 1922775 1922775 0 0 0 0
:
:vdbench503_vdbench_data_for_swat303
:date 04182019-15:57:58.000 04182019-15:58:57.000
0 0 13331 0 458600404 0 27301888 0 1929294 1929294 0 0 0 0
:
:vdbench503_vdbench_data_for_swat303
:date 04182019-15:58:59.000 04182019-15:59:58.000
0 0 9315 0 471831095 0 38154240 0 1978133 1978133 0 0 0 0
