:date 04112019-13:52:57.000
:fixed_data
0 0 0 0 sd_sd_varlog
:
:vdbench503_vdbench_data_for_swat303
:date 04112019-13:52:57.000 04112019-13:52:58.000
0 0 0 17226 4323432 0 0 256636 3544 0 3544 0 0 0
:
:vdbench503_vdbench_data_for_swat303
:date 04112019-13:52:58.000 04112019-13:52:59.000
0 0 0 30201 7723787 0 0 460571 6969 0 6969 0 0 0
:
:vdbench503_vdbench_data_for_swat303
:date 04112019-13:52:59.000 04112019-13:53:00.000
0 0 0 31574 7890121 0 0 480682 6748 0 6748 0 0 0
:
:vdbench503_vdbench_data_for_swat303
:date 04112019-13:53:00.000 04112019-13:53:01.000
0 0 0 30348 7893998 0 0 461907 7237 0 7237 0 0 0
:
:vdbench503_vdbench_data_for_swat303
:date 04112019-13:53:01.000 04112019-13:53:02.000
0 0 0 29868 7891986 0 0 458341 4779 0 4779 0 0 0
:
:vdbench503_vdbench_data_for_swat303
:date 04112019-13:53:02.000 04112019-13:53:03.000
0 0 0 29247 7898986 0 0 439134 5899 0 5899 0 0 0
:
:vdbench503_vdbench_data_for_swat303
:date 04112019-13:53:03.000 04112019-13:53:04.000
0 0 0 29385 7908644 0 0 448111 6647 0 6647 0 0 0
:
:vdbench503_vdbench_data_for_swat303
:date 04112019-13:53:04.000 04112019-13:53:05.000
0 0 0 29114 7902721 0 0 441374 4338 0 4338 0 0 0
:
:vdbench503_vdbench_data_for_swat303
:date 04112019-13:53:05.000 04112019-13:53:06.000
0 0 0 29458 7906989 0 0 449106 4554 0 4554 0 0 0
:
:vdbench503_vdbench_data_for_swat303
:date 04112019-13:53:06.000 04112019-13:53:07.000
0 0 0 29737 7896160 0 0 448547 4965 0 4965 0 0 0
:
:vdbench503_vdbench_data_for_swat303
:date 04112019-13:53:08.000 04112019-13:53:09.000
0 0 248 0 4094134 0 3792 0 292761 292761 0 0 0 0
:
:vdbench503_vdbench_data_for_swat303
:date 04112019-13:53:09.000 04112019-13:53:10.000
0 0 609 0 7068814 0 8647 0 295175 295175 0 0 0 0
:
:vdbench503_vdbench_data_for_swat303
:date 04112019-13:53:10.000 04112019-13:53:11.000
0 0 213 0 8270466 0 2735 0 338611 338611 0 0 0 0
:
:vdbench503_vdbench_data_for_swat303
:date 04112019-13:53:11.000 04112019-13:53:12.000
0 0 85 0 6831562 0 1325 0 1040095 1040095 0 0 0 0
:
:vdbench503_vdbench_data_for_swat303
:date 04112019-13:53:12.000 04112019-13:53:13.000
0 0 708 0 9967017 0 9918 0 1067577 1067577 0 0 0 0
:
:vdbench503_vdbench_data_for_swat303
:date 04112019-13:53:13.000 04112019-13:53:14.000
0 0 1017 0 8026033 0 15070 0 80940 80940 0 0 0 0
:
:vdbench503_vdbench_data_for_swat303
:date 04112019-13:53:14.000 04112019-13:53:15.000
0 0 984 0 7987612 0 15123 0 65532 65532 0 0 0 0
:
:vdbench503_vdbench_data_for_swat303
:date 04112019-13:53:15.000 04112019-13:53:16.000
0 0 1025 0 7985971 0 15675 0 65460 65460 0 0 0 0
:
:vdbench503_vdbench_data_for_swat303
:date 04112019-13:53:16.000 04112019-13:53:17.000
0 0 1070 0 8017255 0 16829 0 115909 115909 0 0 0 0
:
:vdbench503_vdbench_data_for_swat303
:date 04112019-13:53:17.000 04112019-13:53:18.000
0 0 1080 0 7997661 0 16314 0 66011 66011 0 0 0 0
:
:vdbench503_vdbench_data_for_swat303
:date 04112019-13:53:19.000 04112019-13:53:20.000
0 0 0 19417 4252486 0 0 155336 3378 0 3378 0 0 0
:
:vdbench503_vdbench_data_for_swat303
:date 04112019-13:53:20.000 04112019-13:53:21.000
0 0 0 32773 7900134 0 0 262184 6223 0 6223 0 0 0
:
:vdbench503_vdbench_data_for_swat303
:date 04112019-13:53:21.000 04112019-13:53:22.000
0 0 0 32979 7919862 0 0 263832 6263 0 6263 0 0 0
:
:vdbench503_vdbench_data_for_swat303
:date 04112019-13:53:22.000 04112019-13:53:23.000
0 0 0 33325 7923027 0 0 266600 4899 0 4899 0 0 0
:
:vdbench503_vdbench_data_for_swat303
:date 04112019-13:53:23.000 04112019-13:53:24.000
0 0 0 34132 7917876 0 0 273056 6957 0 6957 0 0 0
:
:vdbench503_vdbench_data_for_swat303
:date 04112019-13:53:24.000 04112019-13:53:25.000
0 0 0 33509 7919372 0 0 268072 8605 0 8605 0 0 0
:
:vdbench503_vdbench_data_for_swat303
:date 04112019-13:53:25.000 04112019-13:53:26.000
0 0 0 33214 7936065 0 0 265712 6852 0 6852 0 0 0
:
:vdbench503_vdbench_data_for_swat303
:date 04112019-13:53:26.000 04112019-13:53:27.000
0 0 0 33935 7929207 0 0 271480 7264 0 7264 0 0 0
:
:vdbench503_vdbench_data_for_swat303
:date 04112019-13:53:27.000 04112019-13:53:28.000
0 0 0 33329 7927313 0 0 266632 6026 0 6026 0 0 0
:
:vdbench503_vdbench_data_for_swat303
:date 04112019-13:53:28.000 04112019-13:53:29.000
0 0 0 32417 7934903 0 0 259336 6912 0 6912 0 0 0
:
:vdbench503_vdbench_data_for_swat303
:date 04112019-13:53:30.000 04112019-13:53:31.000
0 0 0 15816 5447819 0 0 253056 5377 0 5377 0 0 0
:
:vdbench503_vdbench_data_for_swat303
:date 04112019-13:53:31.000 04112019-13:53:32.000
0 0 0 22789 7928935 0 0 364624 6018 0 6018 0 0 0
:
:vdbench503_vdbench_data_for_swat303
:date 04112019-13:53:32.000 04112019-13:53:33.000
0 0 0 22473 7936558 0 0 359568 6894 0 6894 0 0 0
:
:vdbench503_vdbench_data_for_swat303
:date 04112019-13:53:33.000 04112019-13:53:34.000
0 0 0 22546 7938843 0 0 360736 6423 0 6423 0 0 0
:
:vdbench503_vdbench_data_for_swat303
:date 04112019-13:53:34.000 04112019-13:53:35.000
0 0 0 22805 7937528 0 0 364880 6002 0 6002 0 0 0
:
:vdbench503_vdbench_data_for_swat303
:date 04112019-13:53:35.000 04112019-13:53:36.000
0 0 0 22699 7936945 0 0 363184 3408 0 3408 0 0 0
:
:vdbench503_vdbench_data_for_swat303
:date 04112019-13:53:36.000 04112019-13:53:37.000
0 0 0 22426 7938638 0 0 358816 6743 0 6743 0 0 0
:
:vdbench503_vdbench_data_for_swat303
:date 04112019-13:53:37.000 04112019-13:53:38.000
0 0 0 22464 7937994 0 0 359424 4932 0 4932 0 0 0
:
:vdbench503_vdbench_data_for_swat303
:date 04112019-13:53:38.000 04112019-13:53:39.000
0 0 0 22247 7938649 0 0 355952 5083 0 5083 0 0 0
:
:vdbench503_vdbench_data_for_swat303
:date 04112019-13:53:39.000 04112019-13:53:40.000
0 0 0 22342 7935992 0 0 357472 4340 0 4340 0 0 0
:
:vdbench503_vdbench_data_for_swat303
:date 04112019-13:53:41.000 04112019-13:53:42.000
0 0 0 15178 5450145 0 0 485696 6965 0 6965 0 0 0
:
:vdbench503_vdbench_data_for_swat303
:date 04112019-13:53:42.000 04112019-13:53:43.000
0 0 0 22251 7878141 0 0 712032 4342 0 4342 0 0 0
:
:vdbench503_vdbench_data_for_swat303
:date 04112019-13:53:43.000 04112019-13:53:44.000
0 0 0 21771 7887404 0 0 696672 5535 0 5535 0 0 0
:
:vdbench503_vdbench_data_for_swat303
:date 04112019-13:53:44.000 04112019-13:53:45.000
0 0 0 21990 7897823 0 0 703680 3519 0 3519 0 0 0
:
:vdbench503_vdbench_data_for_swat303
:date 04112019-13:53:45.000 04112019-13:53:46.000
0 0 0 21746 7899654 0 0 695872 4336 0 4336 0 0 0
:
:vdbench503_vdbench_data_for_swat303
:date 04112019-13:53:46.000 04112019-13:53:47.000
0 0 0 21103 7902601 0 0 675296 4390 0 4390 0 0 0
:
:vdbench503_vdbench_data_for_swat303
:date 04112019-13:53:47.000 04112019-13:53:48.000
0 0 0 20980 7897714 0 0 671360 5521 0 5521 0 0 0
:
:vdbench503_vdbench_data_for_swat303
:date 04112019-13:53:48.000 04112019-13:53:49.000
0 0 0 21720 7898421 0 0 695040 6959 0 6959 0 0 0
:
:vdbench503_vdbench_data_for_swat303
:date 04112019-13:53:49.000 04112019-13:53:50.000
0 0 0 21611 7895440 0 0 691552 5430 0 5430 0 0 0
:
:vdbench503_vdbench_data_for_swat303
:date 04112019-13:53:50.000 04112019-13:53:51.000
0 0 0 21245 7888423 0 0 679840 6105 0 6105 0 0 0
:
:vdbench503_vdbench_data_for_swat303
:date 04112019-13:53:52.000 04112019-13:53:53.000
0 0 0 13061 5300613 0 0 835904 104475 0 104475 0 0 0
:
:vdbench503_vdbench_data_for_swat303
:date 04112019-13:53:53.000 04112019-13:53:54.000
0 0 0 18757 7891388 0 0 1200448 225817 0 225817 0 0 0
:
:vdbench503_vdbench_data_for_swat303
:date 04112019-13:53:54.000 04112019-13:53:55.000
0 0 0 19307 7900212 0 0 1235648 138030 0 138030 0 0 0
:
:vdbench503_vdbench_data_for_swat303
:date 04112019-13:53:55.000 04112019-13:53:56.000
0 0 0 19365 7840451 0 0 1239360 34347 0 34347 0 0 0
:
:vdbench503_vdbench_data_for_swat303
:date 04112019-13:53:56.000 04112019-13:53:57.000
0 0 0 19225 7843310 0 0 1230400 22797 0 22797 0 0 0
:
:vdbench503_vdbench_data_for_swat303
:date 04112019-13:53:57.000 04112019-13:53:58.000
0 0 0 19245 7842908 0 0 1231680 42359 0 42359 0 0 0
:
:vdbench503_vdbench_data_for_swat303
:date 04112019-13:53:58.000 04112019-13:53:59.000
0 0 0 19270 7842988 0 0 1233280 81336 0 81336 0 0 0
:
:vdbench503_vdbench_data_for_swat303
:date 04112019-13:53:59.000 04112019-13:54:00.000
0 0 0 17526 7816167 0 0 1121664 214982 0 214982 0 0 0
:
:vdbench503_vdbench_data_for_swat303
:date 04112019-13:54:00.000 04112019-13:54:01.000
0 0 0 11384 7857897 0 0 728576 71788 0 71788 0 0 0
:
:vdbench503_vdbench_data_for_swat303
:date 04112019-13:54:01.000 04112019-13:54:02.000
0 0 0 7659 7903852 0 0 490176 171700 0 171700 0 0 0
:
:vdbench503_vdbench_data_for_swat303
:date 04112019-13:54:03.000 04112019-13:54:04.000
0 0 0 5981 5288592 0 0 765568 86489 0 86489 0 0 0
:
:vdbench503_vdbench_data_for_swat303
:date 04112019-13:54:04.000 04112019-13:54:05.000
0 0 0 3295 7972227 0 0 421760 71901 0 71901 0 0 0
:
:vdbench503_vdbench_data_for_swat303
:date 04112019-13:54:05.000 04112019-13:54:06.000
0 0 0 3334 7896752 0 0 426752 162990 0 162990 0 0 0
:
:vdbench503_vdbench_data_for_swat303
:date 04112019-13:54:06.000 04112019-13:54:07.000
0 0 0 3480 8000263 0 0 445440 74218 0 74218 0 0 0
:
:vdbench503_vdbench_data_for_swat303
:date 04112019-13:54:07.000 04112019-13:54:08.000
0 0 0 3200 7943920 0 0 409600 80894 0 80894 0 0 0
:
:vdbench503_vdbench_data_for_swat303
:date 04112019-13:54:08.000 04112019-13:54:09.000
0 0 0 2774 7761105 0 0 355072 112614 0 112614 0 0 0
:
:vdbench503_vdbench_data_for_swat303
:date 04112019-13:54:09.000 04112019-13:54:10.000
0 0 0 3040 8006854 0 0 389120 284430 0 284430 0 0 0
:
:vdbench503_vdbench_data_for_swat303
:date 04112019-13:54:10.000 04112019-13:54:11.000
0 0 0 1352 7944684 0 0 173056 176024 0 176024 0 0 0
:
:vdbench503_vdbench_data_for_swat303
:date 04112019-13:54:11.000 04112019-13:54:12.000
0 0 0 1132 7988608 0 0 144896 192400 0 192400 0 0 0
:
:vdbench503_vdbench_data_for_swat303
:date 04112019-13:54:12.000 04112019-13:54:13.000
0 0 0 1076 7954617 0 0 137728 211004 0 211004 0 0 0
:
:vdbench503_vdbench_data_for_swat303
:date 04112019-13:54:14.000 04112019-13:54:15.000
0 0 0 1075 4462074 0 0 275200 181055 0 181055 0 0 0
:
:vdbench503_vdbench_data_for_swat303
:date 04112019-13:54:15.000 04112019-13:54:16.000
0 0 0 602 7999152 0 0 154112 156224 0 156224 0 0 0
:
:vdbench503_vdbench_data_for_swat303
:date 04112019-13:54:16.000 04112019-13:54:17.000
0 0 0 597 7732794 0 0 152832 191303 0 191303 0 0 0
:
:vdbench503_vdbench_data_for_swat303
:date 04112019-13:54:17.000 04112019-13:54:18.000
0 0 0 608 8055750 0 0 155648 164183 0 164183 0 0 0
:
:vdbench503_vdbench_data_for_swat303
:date 04112019-13:54:18.000 04112019-13:54:19.000
0 0 0 649 8000673 0 0 166144 186806 0 186806 0 0 0
:
:vdbench503_vdbench_data_for_swat303
:date 04112019-13:54:19.000 04112019-13:54:20.000
0 0 0 693 8029829 0 0 177408 171076 0 171076 0 0 0
:
:vdbench503_vdbench_data_for_swat303
:date 04112019-13:54:20.000 04112019-13:54:21.000
0 0 0 751 8132752 0 0 192256 179269 0 179269 0 0 0
:
:vdbench503_vdbench_data_for_swat303
:date 04112019-13:54:21.000 04112019-13:54:22.000
0 0 0 657 7977917 0 0 168192 215684 0 215684 0 0 0
:
:vdbench503_vdbench_data_for_swat303
:date 04112019-13:54:22.000 04112019-13:54:23.000
0 0 0 733 7972652 0 0 187648 170999 0 170999 0 0 0
:
:vdbench503_vdbench_data_for_swat303
:date 04112019-13:54:23.000 04112019-13:54:24.000
0 0 0 597 7882476 0 0 152832 183186 0 183186 0 0 0
:
:vdbench503_vdbench_data_for_swat303
:date 04112019-13:54:25.000 04112019-13:54:26.000
0 0 0 310 4249133 0 0 317440 171464 0 171464 0 0 0
:
:vdbench503_vdbench_data_for_swat303
:date 04112019-13:54:26.000 04112019-13:54:27.000
0 0 0 158 8198219 0 0 161792 311946 0 311946 0 0 0
:
:vdbench503_vdbench_data_for_swat303
:date 04112019-13:54:27.000 04112019-13:54:28.000
0 0 0 128 6953033 0 0 131072 260954 0 260954 0 0 0
:
:vdbench503_vdbench_data_for_swat303
:date 04112019-13:54:28.000 04112019-13:54:29.000
0 0 0 182 8613267 0 0 186368 351634 0 351634 0 0 0
:
:vdbench503_vdbench_data_for_swat303
:date 04112019-13:54:29.000 04112019-13:54:30.000
0 0 0 194 7901299 0 0 198656 196525 0 196525 0 0 0
:
:vdbench503_vdbench_data_for_swat303
:date 04112019-13:54:30.000 04112019-13:54:31.000
0 0 0 183 8345855 0 0 187392 214529 0 214529 0 0 0
:
:vdbench503_vdbench_data_for_swat303
:date 04112019-13:54:31.000 04112019-13:54:32.000
0 0 0 188 7953107 0 0 192512 289010 0 289010 0 0 0
:
:vdbench503_vdbench_data_for_swat303
:date 04112019-13:54:32.000 04112019-13:54:33.000
0 0 0 178 8049835 0 0 182272 303618 0 303618 0 0 0
:
:vdbench503_vdbench_data_for_swat303
:date 04112019-13:54:33.000 04112019-13:54:34.000
0 0 0 217 8026576 0 0 222208 195353 0 195353 0 0 0
:
:vdbench503_vdbench_data_for_swat303
:date 04112019-13:54:34.000 04112019-13:54:35.000
0 0 0 206 7953147 0 0 210944 203544 0 203544 0 0 0
:
:vdbench503_vdbench_data_for_swat303
:date 04112019-13:54:36.000 04112019-13:54:37.000
0 0 0 199 3663367 0 0 407552 117928 0 117928 0 0 0
:
:vdbench503_vdbench_data_for_swat303
:date 04112019-13:54:37.000 04112019-13:54:38.000
0 0 0 100 8382475 0 0 204800 375013 0 375013 0 0 0
:
:vdbench503_vdbench_data_for_swat303
:date 04112019-13:54:38.000 04112019-13:54:39.000
0 0 0 82 7898378 0 0 167936 411440 0 411440 0 0 0
:
:vdbench503_vdbench_data_for_swat303
:date 04112019-13:54:39.000 04112019-13:54:40.000
0 0 0 95 8037286 0 0 194560 359372 0 359372 0 0 0
:
:vdbench503_vdbench_data_for_swat303
:date 04112019-13:54:40.000 04112019-13:54:41.000
0 0 0 127 8130555 0 0 260096 279009 0 279009 0 0 0
:
:vdbench503_vdbench_data_for_swat303
:date 04112019-13:54:41.000 04112019-13:54:42.000
0 0 0 135 8012555 0 0 276480 299193 0 299193 0 0 0
:
:vdbench503_vdbench_data_for_swat303
:date 04112019-13:54:42.000 04112019-13:54:43.000
0 0 0 102 8008464 0 0 208896 392681 0 392681 0 0 0
:
:vdbench503_vdbench_data_for_swat303
:date 04112019-13:54:43.000 04112019-13:54:44.000
0 0 0 99 7435549 0 0 202752 384706 0 384706 0 0 0
:
:vdbench503_vdbench_data_for_swat303
:date 04112019-13:54:44.000 04112019-13:54:45.000
0 0 0 128 8245944 0 0 262144 533816 0 533816 0 0 0
:
:vdbench503_vdbench_data_for_swat303
:date 04112019-13:54:45.000 04112019-13:54:46.000
0 0 0 113 7926534 0 0 231424 316713 0 316713 0 0 0
:
:vdbench503_vdbench_data_for_swat303
:date 04112019-13:54:47.000 04112019-13:54:48.000
0 0 0 106 4267737 0 0 434176 296508 0 296508 0 0 0
:
:vdbench503_vdbench_data_for_swat303
:date 04112019-13:54:48.000 04112019-13:54:49.000
0 0 0 94 7818536 0 0 385024 311936 0 311936 0 0 0
:
:vdbench503_vdbench_data_for_swat303
:date 04112019-13:54:49.000 04112019-13:54:50.000
0 0 0 46 7806405 0 0 188416 661112 0 661112 0 0 0
:
:vdbench503_vdbench_data_for_swat303
:date 04112019-13:54:50.000 04112019-13:54:51.000
0 0 0 55 6682764 0 0 225280 426383 0 426383 0 0 0
:
:vdbench503_vdbench_data_for_swat303
:date 04112019-13:54:51.000 04112019-13:54:52.000
0 0 0 58 8937616 0 0 237568 558575 0 558575 0 0 0
:
:vdbench503_vdbench_data_for_swat303
:date 04112019-13:54:52.000 04112019-13:54:53.000
0 0 0 60 8200683 0 0 245760 483022 0 483022 0 0 0
:
:vdbench503_vdbench_data_for_swat303
:date 04112019-13:54:53.000 04112019-13:54:54.000
0 0 0 60 7091123 0 0 245760 474085 0 474085 0 0 0
:
:vdbench503_vdbench_data_for_swat303
:date 04112019-13:54:54.000 04112019-13:54:55.000
0 0 0 56 7875170 0 0 229376 732635 0 732635 0 0 0
:
:vdbench503_vdbench_data_for_swat303
:date 04112019-13:54:55.000 04112019-13:54:56.000
0 0 0 58 8011599 0 0 237568 654212 0 654212 0 0 0
:
:vdbench503_vdbench_data_for_swat303
:date 04112019-13:54:56.000 04112019-13:54:57.000
0 0 0 62 8185827 0 0 253952 612386 0 612386 0 0 0
:
:vdbench503_vdbench_data_for_swat303
:date 04112019-13:54:58.000 04112019-13:54:59.000
0 0 55 0 3393556 0 440 0 438225 438225 0 0 0 0
:
:vdbench503_vdbench_data_for_swat303
:date 04112019-13:54:59.000 04112019-13:55:00.000
0 0 102 0 7323615 0 816 0 971929 971929 0 0 0 0
:
:vdbench503_vdbench_data_for_swat303
:date 04112019-13:55:00.000 04112019-13:55:01.000
0 0 57 0 6264886 0 456 0 1361080 1361080 0 0 0 0
:
:vdbench503_vdbench_data_for_swat303
:date 04112019-13:55:01.000 04112019-13:55:02.000
0 0 47 0 5480603 0 376 0 1067906 1067906 0 0 0 0
:
:vdbench503_vdbench_data_for_swat303
:date 04112019-13:55:02.000 04112019-13:55:03.000
0 0 41 0 11200126 0 328 0 2969223 2969223 0 0 0 0
:
:vdbench503_vdbench_data_for_swat303
:date 04112019-13:55:03.000 04112019-13:55:04.000
0 0 52 0 7015101 0 416 0 1104593 1104593 0 0 0 0
:
:vdbench503_vdbench_data_for_swat303
:date 04112019-13:55:04.000 04112019-13:55:05.000
0 0 51 0 8719918 0 408 0 1778355 1778355 0 0 0 0
:
:vdbench503_vdbench_data_for_swat303
:date 04112019-13:55:05.000 04112019-13:55:06.000
0 0 42 0 5750707 0 336 0 814722 814722 0 0 0 0
:
:vdbench503_vdbench_data_for_swat303
:date 04112019-13:55:06.000 04112019-13:55:07.000
0 0 56 0 7580076 0 448 0 1357687 1357687 0 0 0 0
:
:vdbench503_vdbench_data_for_swat303
:date 04112019-13:55:07.000 04112019-13:55:08.000
0 0 49 0 6923144 0 392 0 2148513 2148513 0 0 0 0
:
:vdbench503_vdbench_data_for_swat303
:date 04112019-13:55:10.000 04112019-13:55:11.000
0 0 40 0 2700335 0 640 0 323288 323288 0 0 0 0
:
:vdbench503_vdbench_data_for_swat303
:date 04112019-13:55:11.000 04112019-13:55:12.000
0 0 63 0 8213128 0 1008 0 804617 804617 0 0 0 0
:
:vdbench503_vdbench_data_for_swat303
:date 04112019-13:55:12.000 04112019-13:55:13.000
0 0 67 0 6923012 0 1072 0 1748293 1748293 0 0 0 0
:
:vdbench503_vdbench_data_for_swat303
:date 04112019-13:55:13.000 04112019-13:55:14.000
0 0 58 0 9865523 0 928 0 1308336 1308336 0 0 0 0
:
:vdbench503_vdbench_data_for_swat303
:date 04112019-13:55:14.000 04112019-13:55:15.000
0 0 45 0 5154131 0 720 0 536693 536693 0 0 0 0
:
:vdbench503_vdbench_data_for_swat303
:date 04112019-13:55:15.000 04112019-13:55:16.000
0 0 62 0 6398036 0 992 0 1696533 1696533 0 0 0 0
:
:vdbench503_vdbench_data_for_swat303
:date 04112019-13:55:16.000 04112019-13:55:17.000
0 0 59 0 12394750 0 944 0 2419366 2419366 0 0 0 0
:
:vdbench503_vdbench_data_for_swat303
:date 04112019-13:55:17.000 04112019-13:55:18.000
0 0 59 0 5864394 0 944 0 777123 777123 0 0 0 0
:
:vdbench503_vdbench_data_for_swat303
:date 04112019-13:55:18.000 04112019-13:55:19.000
0 0 34 0 8438184 0 544 0 1517183 1517183 0 0 0 0
:
:vdbench503_vdbench_data_for_swat303
:date 04112019-13:55:19.000 04112019-13:55:20.000
0 0 61 0 8494744 0 976 0 1316306 1316306 0 0 0 0
:
:vdbench503_vdbench_data_for_swat303
:date 04112019-13:55:22.000 04112019-13:55:23.000
0 0 67 0 4457735 0 2144 0 546269 546269 0 0 0 0
:
:vdbench503_vdbench_data_for_swat303
:date 04112019-13:55:23.000 04112019-13:55:24.000
0 0 66 0 9166188 0 2112 0 1661985 1661985 0 0 0 0
:
:vdbench503_vdbench_data_for_swat303
:date 04112019-13:55:24.000 04112019-13:55:25.000
0 0 50 0 5979194 0 1600 0 889091 889091 0 0 0 0
:
:vdbench503_vdbench_data_for_swat303
:date 04112019-13:55:25.000 04112019-13:55:26.000
0 0 40 0 6540939 0 1280 0 1274494 1274494 0 0 0 0
:
:vdbench503_vdbench_data_for_swat303
:date 04112019-13:55:26.000 04112019-13:55:27.000
0 0 52 0 8622765 0 1664 0 2277407 2277407 0 0 0 0
:
:vdbench503_vdbench_data_for_swat303
:date 04112019-13:55:27.000 04112019-13:55:28.000
0 0 67 0 10048810 0 2144 0 1370888 1370888 0 0 0 0
:
:vdbench503_vdbench_data_for_swat303
:date 04112019-13:55:28.000 04112019-13:55:29.000
0 0 57 0 6527644 0 1824 0 1646329 1646329 0 0 0 0
:
:vdbench503_vdbench_data_for_swat303
:date 04112019-13:55:29.000 04112019-13:55:30.000
0 0 68 0 9850750 0 2176 0 1477586 1477586 0 0 0 0
:
:vdbench503_vdbench_data_for_swat303
:date 04112019-13:55:30.000 04112019-13:55:31.000
0 0 102 0 7499661 0 3264 0 1275382 1275382 0 0 0 0
:
:vdbench503_vdbench_data_for_swat303
:date 04112019-13:55:31.000 04112019-13:55:32.000
0 0 129 0 10113569 0 4128 0 1906824 1906824 0 0 0 0
:
:vdbench503_vdbench_data_for_swat303
:date 04112019-13:55:34.000 04112019-13:55:35.000
0 0 125 0 4965329 0 8000 0 455492 455492 0 0 0 0
:
:vdbench503_vdbench_data_for_swat303
:date 04112019-13:55:35.000 04112019-13:55:36.000
0 0 202 0 7098270 0 12928 0 877555 877555 0 0 0 0
:
:vdbench503_vdbench_data_for_swat303
:date 04112019-13:55:36.000 04112019-13:55:37.000
0 0 191 0 9213536 0 12224 0 1051648 1051648 0 0 0 0
:
:vdbench503_vdbench_data_for_swat303
:date 04112019-13:55:37.000 04112019-13:55:38.000
0 0 228 0 7160710 0 14592 0 564986 564986 0 0 0 0
:
:vdbench503_vdbench_data_for_swat303
:date 04112019-13:55:38.000 04112019-13:55:39.000
0 0 211 0 8399320 0 13504 0 751741 751741 0 0 0 0
:
:vdbench503_vdbench_data_for_swat303
:date 04112019-13:55:39.000 04112019-13:55:40.000
0 0 139 0 8077459 0 8896 0 877717 877717 0 0 0 0
:
:vdbench503_vdbench_data_for_swat303
:date 04112019-13:55:40.000 04112019-13:55:41.000
0 0 126 0 6046081 0 8064 0 374884 374884 0 0 0 0
:
:vdbench503_vdbench_data_for_swat303
:date 04112019-13:55:41.000 04112019-13:55:42.000
0 0 28 0 4850749 0 1792 0 743056 743056 0 0 0 0
:
:vdbench503_vdbench_data_for_swat303
:date 04112019-13:55:42.000 04112019-13:55:43.000
0 0 211 0 12792941 0 13504 0 1726536 1726536 0 0 0 0
:
:vdbench503_vdbench_data_for_swat303
:date 04112019-13:55:43.000 04112019-13:55:44.000
0 0 209 0 7076501 0 13376 0 622963 622963 0 0 0 0
:
:vdbench503_vdbench_data_for_swat303
:date 04112019-13:55:46.000 04112019-13:55:47.000
0 0 204 0 4300060 0 26112 0 273645 273645 0 0 0 0
:
:vdbench503_vdbench_data_for_swat303
:date 04112019-13:55:47.000 04112019-13:55:48.000
0 0 302 0 9144655 0 38656 0 1463403 1463403 0 0 0 0
:
:vdbench503_vdbench_data_for_swat303
:date 04112019-13:55:48.000 04112019-13:55:49.000
0 0 685 0 8016770 0 87680 0 136590 136590 0 0 0 0
:
:vdbench503_vdbench_data_for_swat303
:date 04112019-13:55:49.000 04112019-13:55:50.000
0 0 803 0 7974260 0 102784 0 86169 86169 0 0 0 0
:
:vdbench503_vdbench_data_for_swat303
:date 04112019-13:55:50.000 04112019-13:55:51.000
0 0 776 0 7977300 0 99328 0 69637 69637 0 0 0 0
:
:vdbench503_vdbench_data_for_swat303
:date 04112019-13:55:51.000 04112019-13:55:52.000
0 0 702 0 7905606 0 89856 0 90467 90467 0 0 0 0
:
:vdbench503_vdbench_data_for_swat303
:date 04112019-13:55:52.000 04112019-13:55:53.000
0 0 803 0 8126529 0 102784 0 123853 123853 0 0 0 0
:
:vdbench503_vdbench_data_for_swat303
:date 04112019-13:55:53.000 04112019-13:55:54.000
0 0 774 0 7986404 0 99072 0 87295 87295 0 0 0 0
:
:vdbench503_vdbench_data_for_swat303
:date 04112019-13:55:54.000 04112019-13:55:55.000
0 0 806 0 7966217 0 103168 0 63184 63184 0 0 0 0
:
:vdbench503_vdbench_data_for_swat303
:date 04112019-13:55:55.000 04112019-13:55:56.000
0 0 759 0 8030067 0 97152 0 69149 69149 0 0 0 0
:
:vdbench503_vdbench_data_for_swat303
:date 04112019-13:55:57.000 04112019-13:55:58.000
0 0 406 0 4640885 0 103936 0 66375 66375 0 0 0 0
:
:vdbench503_vdbench_data_for_swat303
:date 04112019-13:55:58.000 04112019-13:55:59.000
0 0 668 0 7939541 0 171008 0 83088 83088 0 0 0 0
:
:vdbench503_vdbench_data_for_swat303
:date 04112019-13:55:59.000 04112019-13:56:00.000
0 0 728 0 8054058 0 186368 0 45496 45496 0 0 0 0
:
:vdbench503_vdbench_data_for_swat303
:date 04112019-13:56:00.000 04112019-13:56:01.000
0 0 727 0 7980567 0 186112 0 80664 80664 0 0 0 0
:
:vdbench503_vdbench_data_for_swat303
:date 04112019-13:56:01.000 04112019-13:56:02.000
0 0 739 0 8017898 0 189184 0 65826 65826 0 0 0 0
:
:vdbench503_vdbench_data_for_swat303
:date 04112019-13:56:02.000 04112019-13:56:03.000
0 0 745 0 7968891 0 190720 0 63931 63931 0 0 0 0
:
:vdbench503_vdbench_data_for_swat303
:date 04112019-13:56:03.000 04112019-13:56:04.000
0 0 754 0 7982505 0 193024 0 107149 107149 0 0 0 0
:
:vdbench503_vdbench_data_for_swat303
:date 04112019-13:56:04.000 04112019-13:56:05.000
0 0 771 0 8030857 0 197376 0 67956 67956 0 0 0 0
:
:vdbench503_vdbench_data_for_swat303
:date 04112019-13:56:05.000 04112019-13:56:06.000
0 0 779 0 7977560 0 199424 0 71373 71373 0 0 0 0
:
:vdbench503_vdbench_data_for_swat303
:date 04112019-13:56:06.000 04112019-13:56:07.000
0 0 793 0 7991803 0 203008 0 44175 44175 0 0 0 0
:
:vdbench503_vdbench_data_for_swat303
:date 04112019-13:56:08.000 04112019-13:56:09.000
0 0 282 0 4645288 0 288768 0 53197 53197 0 0 0 0
:
:vdbench503_vdbench_data_for_swat303
:date 04112019-13:56:09.000 04112019-13:56:10.000
0 0 521 0 7952740 0 533504 0 64605 64605 0 0 0 0
:
:vdbench503_vdbench_data_for_swat303
:date 04112019-13:56:10.000 04112019-13:56:11.000
0 0 510 0 8011491 0 522240 0 78704 78704 0 0 0 0
:
:vdbench503_vdbench_data_for_swat303
:date 04112019-13:56:11.000 04112019-13:56:12.000
0 0 510 0 8027292 0 522240 0 71028 71028 0 0 0 0
:
:vdbench503_vdbench_data_for_swat303
:date 04112019-13:56:12.000 04112019-13:56:13.000
0 0 511 0 7981521 0 523264 0 68439 68439 0 0 0 0
:
:vdbench503_vdbench_data_for_swat303
:date 04112019-13:56:13.000 04112019-13:56:14.000
0 0 533 0 8019102 0 545792 0 47594 47594 0 0 0 0
:
:vdbench503_vdbench_data_for_swat303
:date 04112019-13:56:14.000 04112019-13:56:15.000
0 0 520 0 7905842 0 532480 0 71823 71823 0 0 0 0
:
:vdbench503_vdbench_data_for_swat303
:date 04112019-13:56:15.000 04112019-13:56:16.000
0 0 475 0 7045410 0 486400 0 51500 51500 0 0 0 0
:
:vdbench503_vdbench_data_for_swat303
:date 04112019-13:56:16.000 04112019-13:56:17.000
0 0 474 0 9037907 0 485376 0 1922346 1922346 0 0 0 0
:
:vdbench503_vdbench_data_for_swat303
:date 04112019-13:56:17.000 04112019-13:56:18.000
0 0 535 0 7977590 0 547840 0 59493 59493 0 0 0 0
:
:vdbench503_vdbench_data_for_swat303
:date 04112019-13:56:19.000 04112019-13:56:20.000
0 0 239 0 4656067 0 489472 0 51726 51726 0 0 0 0
:
:vdbench503_vdbench_data_for_swat303
:date 04112019-13:56:20.000 04112019-13:56:21.000
0 0 409 0 7551845 0 837632 0 51287 51287 0 0 0 0
:
:vdbench503_vdbench_data_for_swat303
:date 04112019-13:56:21.000 04112019-13:56:22.000
0 0 351 0 7762431 0 718848 0 1268662 1268662 0 0 0 0
:
:vdbench503_vdbench_data_for_swat303
:date 04112019-13:56:22.000 04112019-13:56:23.000
0 0 382 0 8646295 0 782336 0 1524627 1524627 0 0 0 0
:
:vdbench503_vdbench_data_for_swat303
:date 04112019-13:56:23.000 04112019-13:56:24.000
0 0 432 0 7998602 0 884736 0 55635 55635 0 0 0 0
:
:vdbench503_vdbench_data_for_swat303
:date 04112019-13:56:24.000 04112019-13:56:25.000
0 0 403 0 7989115 0 825344 0 222709 222709 0 0 0 0
:
:vdbench503_vdbench_data_for_swat303
:date 04112019-13:56:25.000 04112019-13:56:26.000
0 0 401 0 7982963 0 821248 0 65785 65785 0 0 0 0
:
:vdbench503_vdbench_data_for_swat303
:date 04112019-13:56:26.000 04112019-13:56:27.000
0 0 411 0 7997224 0 841728 0 216105 216105 0 0 0 0
:
:vdbench503_vdbench_data_for_swat303
:date 04112019-13:56:27.000 04112019-13:56:28.000
0 0 400 0 7292256 0 819200 0 80905 80905 0 0 0 0
:
:vdbench503_vdbench_data_for_swat303
:date 04112019-13:56:28.000 04112019-13:56:29.000
0 0 402 0 8737913 0 823296 0 1368027 1368027 0 0 0 0
:
:vdbench503_vdbench_data_for_swat303
:date 04112019-13:56:30.000 04112019-13:56:31.000
0 0 197 0 4623857 0 806912 0 58358 58358 0 0 0 0
:
:vdbench503_vdbench_data_for_swat303
:date 04112019-13:56:31.000 04112019-13:56:32.000
0 0 348 0 7854035 0 1425408 0 53292 53292 0 0 0 0
:
:vdbench503_vdbench_data_for_swat303
:date 04112019-13:56:32.000 04112019-13:56:33.000
0 0 295 0 6086447 0 1208320 0 54312 54312 0 0 0 0
:
:vdbench503_vdbench_data_for_swat303
:date 04112019-13:56:33.000 04112019-13:56:34.000
0 0 373 0 9823391 0 1527808 0 1437590 1437590 0 0 0 0
:
:vdbench503_vdbench_data_for_swat303
:date 04112019-13:56:34.000 04112019-13:56:35.000
0 0 341 0 7017249 0 1396736 0 92266 92266 0 0 0 0
:
:vdbench503_vdbench_data_for_swat303
:date 04112019-13:56:35.000 04112019-13:56:36.000
0 0 333 0 8235617 0 1363968 0 1489448 1489448 0 0 0 0
:
:vdbench503_vdbench_data_for_swat303
:date 04112019-13:56:36.000 04112019-13:56:37.000
0 0 347 0 8929222 0 1421312 0 1486720 1486720 0 0 0 0
:
:vdbench503_vdbench_data_for_swat303
:date 04112019-13:56:37.000 04112019-13:56:38.000
0 0 370 0 8082785 0 1515520 0 55156 55156 0 0 0 0
:
:vdbench503_vdbench_data_for_swat303
:date 04112019-13:56:38.000 04112019-13:56:39.000
0 0 383 0 7974677 0 1568768 0 63797 63797 0 0 0 0
:
:vdbench503_vdbench_data_for_swat303
:date 04112019-13:56:39.000 04112019-13:56:40.000
0 0 368 0 7283524 0 1507328 0 56765 56765 0 0 0 0
:
:vdbench503_vdbench_data_for_swat303
:date 04112019-13:56:41.000 04112019-13:56:42.000
0 0 0 11971 4468720 0 0 95768 4292 0 4292 0 0 0
:
:vdbench503_vdbench_data_for_swat303
:date 04112019-13:56:42.000 04112019-13:56:43.000
0 0 0 19632 7939463 0 0 157056 11094 0 11094 0 0 0
:
:vdbench503_vdbench_data_for_swat303
:date 04112019-13:56:43.000 04112019-13:56:44.000
0 0 0 21448 7935026 0 0 171584 3338 0 3338 0 0 0
:
:vdbench503_vdbench_data_for_swat303
:date 04112019-13:56:44.000 04112019-13:56:45.000
0 0 0 21226 7936565 0 0 169808 19899 0 19899 0 0 0
:
:vdbench503_vdbench_data_for_swat303
:date 04112019-13:56:45.000 04112019-13:56:46.000
0 0 0 20319 7945213 0 0 162552 10223 0 10223 0 0 0
:
:vdbench503_vdbench_data_for_swat303
:date 04112019-13:56:46.000 04112019-13:56:47.000
0 0 0 20563 7943830 0 0 164504 4422 0 4422 0 0 0
:
:vdbench503_vdbench_data_for_swat303
:date 04112019-13:56:47.000 04112019-13:56:48.000
0 0 0 21296 7939021 0 0 170368 4798 0 4798 0 0 0
:
:vdbench503_vdbench_data_for_swat303
:date 04112019-13:56:48.000 04112019-13:56:49.000
0 0 0 20529 7943009 0 0 164232 9557 0 9557 0 0 0
:
:vdbench503_vdbench_data_for_swat303
:date 04112019-13:56:49.000 04112019-13:56:50.000
0 0 0 21127 7937314 0 0 169016 7337 0 7337 0 0 0
:
:vdbench503_vdbench_data_for_swat303
:date 04112019-13:56:50.000 04112019-13:56:51.000
0 0 0 21414 7939940 0 0 171312 3189 0 3189 0 0 0
:
:vdbench503_vdbench_data_for_swat303
:date 04112019-13:56:52.000 04112019-13:56:53.000
0 0 0 11573 5501773 0 0 185168 10152 0 10152 0 0 0
:
:vdbench503_vdbench_data_for_swat303
:date 04112019-13:56:53.000 04112019-13:56:54.000
0 0 0 18555 7938675 0 0 296880 3158 0 3158 0 0 0
:
:vdbench503_vdbench_data_for_swat303
:date 04112019-13:56:54.000 04112019-13:56:55.000
0 0 0 18641 7933544 0 0 298256 6224 0 6224 0 0 0
:
:vdbench503_vdbench_data_for_swat303
:date 04112019-13:56:55.000 04112019-13:56:56.000
0 0 0 17072 7950615 0 0 273152 22765 0 22765 0 0 0
:
:vdbench503_vdbench_data_for_swat303
:date 04112019-13:56:56.000 04112019-13:56:57.000
0 0 0 18176 7944992 0 0 290816 3092 0 3092 0 0 0
:
:vdbench503_vdbench_data_for_swat303
:date 04112019-13:56:57.000 04112019-13:56:58.000
0 0 0 18270 7938853 0 0 292320 6507 0 6507 0 0 0
:
:vdbench503_vdbench_data_for_swat303
:date 04112019-13:56:58.000 04112019-13:56:59.000
0 0 0 16739 7947411 0 0 267824 11100 0 11100 0 0 0
:
:vdbench503_vdbench_data_for_swat303
:date 04112019-13:56:59.000 04112019-13:57:00.000
0 0 0 18059 7936077 0 0 288944 6028 0 6028 0 0 0
:
:vdbench503_vdbench_data_for_swat303
:date 04112019-13:57:00.000 04112019-13:57:01.000
0 0 0 18104 7934686 0 0 289664 2135 0 2135 0 0 0
:
:vdbench503_vdbench_data_for_swat303
:date 04112019-13:57:01.000 04112019-13:57:02.000
0 0 0 16694 7945507 0 0 267104 10689 0 10689 0 0 0
:
:vdbench503_vdbench_data_for_swat303
:date 04112019-13:57:03.000 04112019-13:57:04.000
0 0 0 10005 5494614 0 0 320160 13563 0 13563 0 0 0
:
:vdbench503_vdbench_data_for_swat303
:date 04112019-13:57:04.000 04112019-13:57:05.000
0 0 0 14468 7917243 0 0 462976 10145 0 10145 0 0 0
:
:vdbench503_vdbench_data_for_swat303
:date 04112019-13:57:05.000 04112019-13:57:06.000
0 0 0 15388 7924341 0 0 492416 10417 0 10417 0 0 0
:
:vdbench503_vdbench_data_for_swat303
:date 04112019-13:57:06.000 04112019-13:57:07.000
0 0 0 15453 7920396 0 0 494496 4159 0 4159 0 0 0
:
:vdbench503_vdbench_data_for_swat303
:date 04112019-13:57:07.000 04112019-13:57:08.000
0 0 0 15285 7930710 0 0 489120 3815 0 3815 0 0 0
:
:vdbench503_vdbench_data_for_swat303
:date 04112019-13:57:08.000 04112019-13:57:09.000
0 0 0 14988 7923847 0 0 479616 4323 0 4323 0 0 0
:
:vdbench503_vdbench_data_for_swat303
:date 04112019-13:57:09.000 04112019-13:57:10.000
0 0 0 15300 7933379 0 0 489600 3466 0 3466 0 0 0
:
:vdbench503_vdbench_data_for_swat303
:date 04112019-13:57:10.000 04112019-13:57:11.000
0 0 0 14229 7936167 0 0 455328 7447 0 7447 0 0 0
:
:vdbench503_vdbench_data_for_swat303
:date 04112019-13:57:11.000 04112019-13:57:12.000
0 0 0 14737 7926556 0 0 471584 9303 0 9303 0 0 0
:
:vdbench503_vdbench_data_for_swat303
:date 04112019-13:57:12.000 04112019-13:57:13.000
0 0 0 15114 7930966 0 0 483648 4154 0 4154 0 0 0
:
:vdbench503_vdbench_data_for_swat303
:date 04112019-13:57:14.000 04112019-13:57:15.000
0 0 0 7263 5486647 0 0 464832 12534 0 12534 0 0 0
:
:vdbench503_vdbench_data_for_swat303
:date 04112019-13:57:15.000 04112019-13:57:16.000
0 0 0 11835 7912279 0 0 757440 13558 0 13558 0 0 0
:
:vdbench503_vdbench_data_for_swat303
:date 04112019-13:57:16.000 04112019-13:57:17.000
0 0 0 10724 7914538 0 0 686336 18855 0 18855 0 0 0
:
:vdbench503_vdbench_data_for_swat303
:date 04112019-13:57:17.000 04112019-13:57:18.000
0 0 0 10743 7923455 0 0 687552 3143 0 3143 0 0 0
:
:vdbench503_vdbench_data_for_swat303
:date 04112019-13:57:18.000 04112019-13:57:19.000
0 0 0 11378 7927001 0 0 728192 4979 0 4979 0 0 0
:
:vdbench503_vdbench_data_for_swat303
:date 04112019-13:57:19.000 04112019-13:57:20.000
0 0 0 11850 7917650 0 0 758400 3583 0 3583 0 0 0
:
:vdbench503_vdbench_data_for_swat303
:date 04112019-13:57:20.000 04112019-13:57:21.000
0 0 0 11276 7920524 0 0 721664 4502 0 4502 0 0 0
:
:vdbench503_vdbench_data_for_swat303
:date 04112019-13:57:21.000 04112019-13:57:22.000
0 0 0 11906 7910778 0 0 761984 5317 0 5317 0 0 0
:
:vdbench503_vdbench_data_for_swat303
:date 04112019-13:57:22.000 04112019-13:57:23.000
0 0 0 12197 7915138 0 0 780608 3445 0 3445 0 0 0
:
:vdbench503_vdbench_data_for_swat303
:date 04112019-13:57:23.000 04112019-13:57:24.000
0 0 0 11046 7928659 0 0 706944 18160 0 18160 0 0 0
:
:vdbench503_vdbench_data_for_swat303
:date 04112019-13:57:25.000 04112019-13:57:26.000
0 0 0 5815 5466272 0 0 744320 5497 0 5497 0 0 0
:
:vdbench503_vdbench_data_for_swat303
:date 04112019-13:57:26.000 04112019-13:57:27.000
0 0 0 8209 7909375 0 0 1050752 4282 0 4282 0 0 0
:
:vdbench503_vdbench_data_for_swat303
:date 04112019-13:57:27.000 04112019-13:57:28.000
0 0 0 8143 7913630 0 0 1042304 3972 0 3972 0 0 0
:
:vdbench503_vdbench_data_for_swat303
:date 04112019-13:57:28.000 04112019-13:57:29.000
0 0 0 7655 7918546 0 0 979840 5027 0 5027 0 0 0
:
:vdbench503_vdbench_data_for_swat303
:date 04112019-13:57:29.000 04112019-13:57:30.000
0 0 0 8245 7919911 0 0 1055360 4761 0 4761 0 0 0
:
:vdbench503_vdbench_data_for_swat303
:date 04112019-13:57:30.000 04112019-13:57:31.000
0 0 0 8379 7925222 0 0 1072512 4391 0 4391 0 0 0
:
:vdbench503_vdbench_data_for_swat303
:date 04112019-13:57:31.000 04112019-13:57:32.000
0 0 0 7780 7898977 0 0 995840 18921 0 18921 0 0 0
:
:vdbench503_vdbench_data_for_swat303
:date 04112019-13:57:32.000 04112019-13:57:33.000
0 0 0 7857 7913965 0 0 1005696 4628 0 4628 0 0 0
:
:vdbench503_vdbench_data_for_swat303
:date 04112019-13:57:33.000 04112019-13:57:34.000
0 0 0 7620 7935107 0 0 975360 4656 0 4656 0 0 0
:
:vdbench503_vdbench_data_for_swat303
:date 04112019-13:57:34.000 04112019-13:57:35.000
0 0 0 7737 7918694 0 0 990336 8344 0 8344 0 0 0
:
:vdbench503_vdbench_data_for_swat303
:date 04112019-13:57:36.000 04112019-13:57:37.000
0 0 0 3433 5476567 0 0 878848 6065 0 6065 0 0 0
:
:vdbench503_vdbench_data_for_swat303
:date 04112019-13:57:37.000 04112019-13:57:38.000
0 0 0 5329 7888059 0 0 1364224 5456 0 5456 0 0 0
:
:vdbench503_vdbench_data_for_swat303
:date 04112019-13:57:38.000 04112019-13:57:39.000
0 0 0 5400 7902497 0 0 1382400 4824 0 4824 0 0 0
:
:vdbench503_vdbench_data_for_swat303
:date 04112019-13:57:39.000 04112019-13:57:40.000
0 0 0 5733 7898708 0 0 1467648 3810 0 3810 0 0 0
:
:vdbench503_vdbench_data_for_swat303
:date 04112019-13:57:40.000 04112019-13:57:41.000
0 0 0 5181 7913400 0 0 1326336 20601 0 20601 0 0 0
:
:vdbench503_vdbench_data_for_swat303
:date 04112019-13:57:41.000 04112019-13:57:42.000
0 0 0 4089 7918273 0 0 1046784 203031 0 203031 0 0 0
:
:vdbench503_vdbench_data_for_swat303
:date 04112019-13:57:42.000 04112019-13:57:43.000
0 0 0 5599 7914127 0 0 1433344 4106 0 4106 0 0 0
:
:vdbench503_vdbench_data_for_swat303
:date 04112019-13:57:43.000 04112019-13:57:44.000
0 0 0 5333 7897064 0 0 1365248 75368 0 75368 0 0 0
:
:vdbench503_vdbench_data_for_swat303
:date 04112019-13:57:44.000 04112019-13:57:45.000
0 0 0 5824 7909312 0 0 1490944 5910 0 5910 0 0 0
:
:vdbench503_vdbench_data_for_swat303
:date 04112019-13:57:45.000 04112019-13:57:46.000
0 0 0 5635 7905657 0 0 1442560 4676 0 4676 0 0 0
:
:vdbench503_vdbench_data_for_swat303
:date 04112019-13:57:47.000 04112019-13:57:48.000
0 0 0 1355 5201439 0 0 1387520 9728 0 9728 0 0 0
:
:vdbench503_vdbench_data_for_swat303
:date 04112019-13:57:48.000 04112019-13:57:49.000
0 0 0 1623 7877974 0 0 1661952 205913 0 205913 0 0 0
:
:vdbench503_vdbench_data_for_swat303
:date 04112019-13:57:49.000 04112019-13:57:50.000
0 0 0 1483 7331355 0 0 1518592 208424 0 208424 0 0 0
:
:vdbench503_vdbench_data_for_swat303
:date 04112019-13:57:50.000 04112019-13:57:51.000
0 0 0 1776 8397598 0 0 1818624 206765 0 206765 0 0 0
:
:vdbench503_vdbench_data_for_swat303
:date 04112019-13:57:51.000 04112019-13:57:52.000
0 0 0 1630 7861108 0 0 1669120 206748 0 206748 0 0 0
:
:vdbench503_vdbench_data_for_swat303
:date 04112019-13:57:52.000 04112019-13:57:53.000
0 0 0 789 7898949 0 0 807936 210370 0 210370 0 0 0
:
:vdbench503_vdbench_data_for_swat303
:date 04112019-13:57:53.000 04112019-13:57:54.000
0 0 0 1232 7883074 0 0 1261568 206694 0 206694 0 0 0
:
:vdbench503_vdbench_data_for_swat303
:date 04112019-13:57:54.000 04112019-13:57:55.000
0 0 0 1638 7867723 0 0 1677312 205821 0 205821 0 0 0
:
:vdbench503_vdbench_data_for_swat303
:date 04112019-13:57:55.000 04112019-13:57:56.000
0 0 0 1199 7892557 0 0 1227776 206329 0 206329 0 0 0
:
:vdbench503_vdbench_data_for_swat303
:date 04112019-13:57:56.000 04112019-13:57:57.000
0 0 0 1546 7877940 0 0 1583104 205358 0 205358 0 0 0
:
:vdbench503_vdbench_data_for_swat303
:date 04112019-13:57:58.000 04112019-13:57:59.000
0 0 0 491 5217627 0 0 1005568 211173 0 211173 0 0 0
:
:vdbench503_vdbench_data_for_swat303
:date 04112019-13:57:59.000 04112019-13:58:00.000
0 0 0 791 7075315 0 0 1619968 209277 0 209277 0 0 0
:
:vdbench503_vdbench_data_for_swat303
:date 04112019-13:58:00.000 04112019-13:58:01.000
0 0 0 502 7895267 0 0 1028096 210584 0 210584 0 0 0
:
:vdbench503_vdbench_data_for_swat303
:date 04112019-13:58:01.000 04112019-13:58:02.000
0 0 0 485 8489346 0 0 993280 210160 0 210160 0 0 0
:
:vdbench503_vdbench_data_for_swat303
:date 04112019-13:58:02.000 04112019-13:58:03.000
0 0 0 636 8005097 0 0 1302528 210385 0 210385 0 0 0
:
:vdbench503_vdbench_data_for_swat303
:date 04112019-13:58:03.000 04112019-13:58:04.000
0 0 0 466 6693355 0 0 954368 210734 0 210734 0 0 0
:
:vdbench503_vdbench_data_for_swat303
:date 04112019-13:58:04.000 04112019-13:58:05.000
0 0 0 774 8995568 0 0 1585152 210113 0 210113 0 0 0
:
:vdbench503_vdbench_data_for_swat303
:date 04112019-13:58:05.000 04112019-13:58:06.000
0 0 0 832 7924070 0 0 1703936 209720 0 209720 0 0 0
:
:vdbench503_vdbench_data_for_swat303
:date 04112019-13:58:06.000 04112019-13:58:07.000
0 0 0 413 7785507 0 0 845824 209947 0 209947 0 0 0
:
:vdbench503_vdbench_data_for_swat303
:date 04112019-13:58:07.000 04112019-13:58:08.000
0 0 0 515 7316650 0 0 1054720 213558 0 213558 0 0 0
:
:vdbench503_vdbench_data_for_swat303
:date 04112019-13:58:09.000 04112019-13:58:10.000
0 0 0 174 4292635 0 0 712704 216420 0 216420 0 0 0
:
:vdbench503_vdbench_data_for_swat303
:date 04112019-13:58:10.000 04112019-13:58:11.000
0 0 0 217 6398670 0 0 888832 217091 0 217091 0 0 0
:
:vdbench503_vdbench_data_for_swat303
:date 04112019-13:58:11.000 04112019-13:58:12.000
0 0 0 413 9246938 0 0 1691648 218342 0 218342 0 0 0
:
:vdbench503_vdbench_data_for_swat303
:date 04112019-13:58:12.000 04112019-13:58:13.000
0 0 0 320 7839910 0 0 1310720 218742 0 218742 0 0 0
:
:vdbench503_vdbench_data_for_swat303
:date 04112019-13:58:13.000 04112019-13:58:14.000
0 0 0 289 7877300 0 0 1183744 220717 0 220717 0 0 0
:
:vdbench503_vdbench_data_for_swat303
:date 04112019-13:58:14.000 04112019-13:58:15.000
0 0 0 358 6812075 0 0 1466368 217436 0 217436 0 0 0
:
:vdbench503_vdbench_data_for_swat303
:date 04112019-13:58:15.000 04112019-13:58:16.000
0 0 0 169 8866349 0 0 692224 416328 0 416328 0 0 0
:
:vdbench503_vdbench_data_for_swat303
:date 04112019-13:58:16.000 04112019-13:58:17.000
0 0 0 150 6568364 0 0 614400 220914 0 220914 0 0 0
:
:vdbench503_vdbench_data_for_swat303
:date 04112019-13:58:17.000 04112019-13:58:18.000
0 0 0 435 7820694 0 0 1781760 218074 0 218074 0 0 0
:
:vdbench503_vdbench_data_for_swat303
:date 04112019-13:58:18.000 04112019-13:58:19.000
0 0 0 271 8750794 0 0 1110016 223367 0 223367 0 0 0
:
:vdbench503_vdbench_data_for_swat303
:date 04112019-13:58:20.000 04112019-13:58:21.000
0 0 15599 0 4621070 0 124792 0 1124 1124 0 0 0 0
:
:vdbench503_vdbench_data_for_swat303
:date 04112019-13:58:21.000 04112019-13:58:22.000
0 0 26863 0 7973429 0 214904 0 2459 2459 0 0 0 0
:
:vdbench503_vdbench_data_for_swat303
:date 04112019-13:58:22.000 04112019-13:58:23.000
0 0 26304 0 7981867 0 210432 0 3247 3247 0 0 0 0
:
:vdbench503_vdbench_data_for_swat303
:date 04112019-13:58:23.000 04112019-13:58:24.000
0 0 27353 0 7982690 0 218824 0 1510 1510 0 0 0 0
:
:vdbench503_vdbench_data_for_swat303
:date 04112019-13:58:24.000 04112019-13:58:25.000
0 0 26565 0 7974013 0 212520 0 1740 1740 0 0 0 0
:
:vdbench503_vdbench_data_for_swat303
:date 04112019-13:58:25.000 04112019-13:58:26.000
0 0 28557 0 7978751 0 228456 0 789 789 0 0 0 0
:
:vdbench503_vdbench_data_for_swat303
:date 04112019-13:58:26.000 04112019-13:58:27.000
0 0 27008 0 7981826 0 216064 0 3080 3080 0 0 0 0
:
:vdbench503_vdbench_data_for_swat303
:date 04112019-13:58:27.000 04112019-13:58:28.000
0 0 27642 0 7974083 0 221136 0 649 649 0 0 0 0
:
:vdbench503_vdbench_data_for_swat303
:date 04112019-13:58:28.000 04112019-13:58:29.000
0 0 26417 0 7979021 0 211336 0 1834 1834 0 0 0 0
:
:vdbench503_vdbench_data_for_swat303
:date 04112019-13:58:29.000 04112019-13:58:30.000
0 0 25685 0 7976451 0 205480 0 6104 6104 0 0 0 0
:
:vdbench503_vdbench_data_for_swat303
:date 04112019-13:58:31.000 04112019-13:58:32.000
0 0 11257 0 5532049 0 180112 0 1037 1037 0 0 0 0
:
:vdbench503_vdbench_data_for_swat303
:date 04112019-13:58:32.000 04112019-13:58:33.000
0 0 15125 0 7982656 0 242000 0 1436 1436 0 0 0 0
:
:vdbench503_vdbench_data_for_swat303
:date 04112019-13:58:33.000 04112019-13:58:34.000
0 0 15756 0 7986351 0 252096 0 7201 7201 0 0 0 0
:
:vdbench503_vdbench_data_for_swat303
:date 04112019-13:58:34.000 04112019-13:58:35.000
0 0 17721 0 7983073 0 283536 0 2775 2775 0 0 0 0
:
:vdbench503_vdbench_data_for_swat303
:date 04112019-13:58:35.000 04112019-13:58:36.000
0 0 16827 0 7987259 0 269232 0 1593 1593 0 0 0 0
:
:vdbench503_vdbench_data_for_swat303
:date 04112019-13:58:36.000 04112019-13:58:37.000
0 0 16638 0 7980191 0 266208 0 3268 3268 0 0 0 0
:
:vdbench503_vdbench_data_for_swat303
:date 04112019-13:58:37.000 04112019-13:58:38.000
0 0 17196 0 7988985 0 275136 0 1982 1982 0 0 0 0
:
:vdbench503_vdbench_data_for_swat303
:date 04112019-13:58:38.000 04112019-13:58:39.000
0 0 16988 0 7987972 0 271808 0 1885 1885 0 0 0 0
:
:vdbench503_vdbench_data_for_swat303
:date 04112019-13:58:39.000 04112019-13:58:40.000
0 0 17784 0 7978835 0 284544 0 5062 5062 0 0 0 0
:
:vdbench503_vdbench_data_for_swat303
:date 04112019-13:58:40.000 04112019-13:58:41.000
0 0 16621 0 7991718 0 265936 0 1406 1406 0 0 0 0
:
:vdbench503_vdbench_data_for_swat303
:date 04112019-13:58:42.000 04112019-13:58:43.000
0 0 7158 0 5442763 0 229056 0 1550 1550 0 0 0 0
:
:vdbench503_vdbench_data_for_swat303
:date 04112019-13:58:43.000 04112019-13:58:44.000
0 0 10620 0 7992165 0 339840 0 3448 3448 0 0 0 0
:
:vdbench503_vdbench_data_for_swat303
:date 04112019-13:58:44.000 04112019-13:58:45.000
0 0 10446 0 7990590 0 334272 0 3574 3574 0 0 0 0
:
:vdbench503_vdbench_data_for_swat303
:date 04112019-13:58:45.000 04112019-13:58:46.000
0 0 10516 0 7990433 0 336512 0 1210 1210 0 0 0 0
:
:vdbench503_vdbench_data_for_swat303
:date 04112019-13:58:46.000 04112019-13:58:47.000
0 0 10959 0 7988945 0 350688 0 1187 1187 0 0 0 0
:
:vdbench503_vdbench_data_for_swat303
:date 04112019-13:58:47.000 04112019-13:58:48.000
0 0 10732 0 7987625 0 343424 0 2936 2936 0 0 0 0
:
:vdbench503_vdbench_data_for_swat303
:date 04112019-13:58:48.000 04112019-13:58:49.000
0 0 10824 0 7990753 0 346368 0 2849 2849 0 0 0 0
:
:vdbench503_vdbench_data_for_swat303
:date 04112019-13:58:49.000 04112019-13:58:50.000
0 0 11125 0 7992706 0 356000 0 1454 1454 0 0 0 0
:
:vdbench503_vdbench_data_for_swat303
:date 04112019-13:58:50.000 04112019-13:58:51.000
0 0 11065 0 7985074 0 354080 0 1096 1096 0 0 0 0
:
:vdbench503_vdbench_data_for_swat303
:date 04112019-13:58:51.000 04112019-13:58:52.000
0 0 10995 0 7994886 0 351840 0 1150 1150 0 0 0 0
:
:vdbench503_vdbench_data_for_swat303
:date 04112019-13:58:53.000 04112019-13:58:54.000
0 0 4610 0 5400470 0 295040 0 1800 1800 0 0 0 0
:
:vdbench503_vdbench_data_for_swat303
:date 04112019-13:58:54.000 04112019-13:58:55.000
0 0 6529 0 7989642 0 417856 0 1838 1838 0 0 0 0
:
:vdbench503_vdbench_data_for_swat303
:date 04112019-13:58:55.000 04112019-13:58:56.000
0 0 6652 0 7994831 0 425728 0 2013 2013 0 0 0 0
:
:vdbench503_vdbench_data_for_swat303
:date 04112019-13:58:56.000 04112019-13:58:57.000
0 0 6775 0 7983672 0 433600 0 1865 1865 0 0 0 0
:
:vdbench503_vdbench_data_for_swat303
:date 04112019-13:58:57.000 04112019-13:58:58.000
0 0 6648 0 7996026 0 425472 0 1701 1701 0 0 0 0
:
:vdbench503_vdbench_data_for_swat303
:date 04112019-13:58:58.000 04112019-13:58:59.000
0 0 6791 0 8003119 0 434624 0 2438 2438 0 0 0 0
:
:vdbench503_vdbench_data_for_swat303
:date 04112019-13:58:59.000 04112019-13:59:00.000
0 0 6982 0 7982828 0 446848 0 7662 7662 0 0 0 0
:
:vdbench503_vdbench_data_for_swat303
:date 04112019-13:59:00.000 04112019-13:59:01.000
0 0 7590 0 7995560 0 485760 0 2137 2137 0 0 0 0
:
:vdbench503_vdbench_data_for_swat303
:date 04112019-13:59:01.000 04112019-13:59:02.000
0 0 7240 0 7995864 0 463360 0 2192 2192 0 0 0 0
:
:vdbench503_vdbench_data_for_swat303
:date 04112019-13:59:02.000 04112019-13:59:03.000
0 0 6838 0 7993107 0 437632 0 1964 1964 0 0 0 0
:
:vdbench503_vdbench_data_for_swat303
:date 04112019-13:59:04.000 04112019-13:59:05.000
0 0 2801 0 5521568 0 358528 0 3755 3755 0 0 0 0
:
:vdbench503_vdbench_data_for_swat303
:date 04112019-13:59:05.000 04112019-13:59:06.000
0 0 4256 0 7988906 0 544768 0 2968 2968 0 0 0 0
:
:vdbench503_vdbench_data_for_swat303
:date 04112019-13:59:06.000 04112019-13:59:07.000
0 0 344 0 455014 0 44032 0 2098 2098 0 0 0 0
:
:vdbench503_vdbench_data_for_swat303
:date 04112019-13:59:07.000 04112019-13:59:08.000
0 0 3558 0 15547837 0 455424 0 1104986 1104986 0 0 0 0
:
:vdbench503_vdbench_data_for_swat303
:date 04112019-13:59:08.000 04112019-13:59:09.000
0 0 4195 0 7997702 0 536960 0 3271 3271 0 0 0 0
:
:vdbench503_vdbench_data_for_swat303
:date 04112019-13:59:09.000 04112019-13:59:10.000
0 0 4116 0 7990900 0 526848 0 4062 4062 0 0 0 0
:
:vdbench503_vdbench_data_for_swat303
:date 04112019-13:59:10.000 04112019-13:59:11.000
0 0 4305 0 7998958 0 551040 0 2678 2678 0 0 0 0
:
:vdbench503_vdbench_data_for_swat303
:date 04112019-13:59:11.000 04112019-13:59:12.000
0 0 656 0 1247818 0 83968 0 2877 2877 0 0 0 0
:
:vdbench503_vdbench_data_for_swat303
:date 04112019-13:59:12.000 04112019-13:59:13.000
0 0 3418 0 14743167 0 437504 0 1004206 1004206 0 0 0 0
:
:vdbench503_vdbench_data_for_swat303
:date 04112019-13:59:13.000 04112019-13:59:14.000
0 0 3741 0 8010630 0 478848 0 203434 203434 0 0 0 0
:
:vdbench503_vdbench_data_for_swat303
:date 04112019-13:59:15.000 04112019-13:59:16.000
0 0 1810 0 5478108 0 463360 0 4983 4983 0 0 0 0
:
:vdbench503_vdbench_data_for_swat303
:date 04112019-13:59:16.000 04112019-13:59:17.000
0 0 2851 0 8010928 0 729856 0 4686 4686 0 0 0 0
:
:vdbench503_vdbench_data_for_swat303
:date 04112019-13:59:17.000 04112019-13:59:18.000
0 0 2511 0 7971794 0 642816 0 4495 4495 0 0 0 0
:
:vdbench503_vdbench_data_for_swat303
:date 04112019-13:59:18.000 04112019-13:59:19.000
0 0 2639 0 8005070 0 675584 0 4618 4618 0 0 0 0
:
:vdbench503_vdbench_data_for_swat303
:date 04112019-13:59:19.000 04112019-13:59:20.000
0 0 2400 0 7987878 0 614400 0 4428 4428 0 0 0 0
:
:vdbench503_vdbench_data_for_swat303
:date 04112019-13:59:20.000 04112019-13:59:21.000
0 0 2303 0 7993408 0 589568 0 5755 5755 0 0 0 0
:
:vdbench503_vdbench_data_for_swat303
:date 04112019-13:59:21.000 04112019-13:59:22.000
0 0 1016 0 3591692 0 260096 0 8808 8808 0 0 0 0
:
:vdbench503_vdbench_data_for_swat303
:date 04112019-13:59:22.000 04112019-13:59:23.000
0 0 0 0 0 0 0 0 0 0 0 0 0 0
:
:vdbench503_vdbench_data_for_swat303
:date 04112019-13:59:23.000 04112019-13:59:24.000
0 0 1630 0 20414390 0 417280 0 1714250 1714250 0 0 0 0
:
:vdbench503_vdbench_data_for_swat303
:date 04112019-13:59:24.000 04112019-13:59:25.000
0 0 604 0 2068600 0 154624 0 4190 4190 0 0 0 0
:
:vdbench503_vdbench_data_for_swat303
:date 04112019-13:59:27.000 04112019-13:59:28.000
0 0 394 0 4920295 0 403456 0 212937 212937 0 0 0 0
:
:vdbench503_vdbench_data_for_swat303
:date 04112019-13:59:28.000 04112019-13:59:29.000
0 0 30 0 1851788 0 30720 0 213400 213400 0 0 0 0
:
:vdbench503_vdbench_data_for_swat303
:date 04112019-13:59:29.000 04112019-13:59:30.000
0 0 0 0 0 0 0 0 0 0 0 0 0 0
:
:vdbench503_vdbench_data_for_swat303
:date 04112019-13:59:30.000 04112019-13:59:31.000
0 0 650 0 21610632 0 665600 0 2000195 2000195 0 0 0 0
:
:vdbench503_vdbench_data_for_swat303
:date 04112019-13:59:31.000 04112019-13:59:32.000
0 0 0 0 0 0 0 0 0 0 0 0 0 0
:
:vdbench503_vdbench_data_for_swat303
:date 04112019-13:59:32.000 04112019-13:59:33.000
0 0 654 0 17030298 0 669696 0 1298552 1298552 0 0 0 0
:
:vdbench503_vdbench_data_for_swat303
:date 04112019-13:59:33.000 04112019-13:59:34.000
0 0 302 0 2322106 0 309248 0 13742 13742 0 0 0 0
:
:vdbench503_vdbench_data_for_swat303
:date 04112019-13:59:34.000 04112019-13:59:35.000
0 0 0 0 0 0 0 0 0 0 0 0 0 0
:
:vdbench503_vdbench_data_for_swat303
:date 04112019-13:59:35.000 04112019-13:59:36.000
0 0 428 0 20211225 0 438272 0 1877334 1877334 0 0 0 0
:
:vdbench503_vdbench_data_for_swat303
:date 04112019-13:59:36.000 04112019-13:59:37.000
0 0 876 0 8576631 0 897024 0 211071 211071 0 0 0 0
:
:vdbench503_vdbench_data_for_swat303
:date 04112019-13:59:38.000 04112019-13:59:39.000
0 0 298 0 4626477 0 610304 0 25144 25144 0 0 0 0
:
:vdbench503_vdbench_data_for_swat303
:date 04112019-13:59:39.000 04112019-13:59:40.000
0 0 432 0 6975732 0 884736 0 30607 30607 0 0 0 0
:
:vdbench503_vdbench_data_for_swat303
:date 04112019-13:59:40.000 04112019-13:59:41.000
0 0 351 0 8592343 0 718848 0 208522 208522 0 0 0 0
:
:vdbench503_vdbench_data_for_swat303
:date 04112019-13:59:41.000 04112019-13:59:42.000
0 0 0 0 0 0 0 0 0 0 0 0 0 0
:
:vdbench503_vdbench_data_for_swat303
:date 04112019-13:59:42.000 04112019-13:59:43.000
0 0 230 0 15010509 0 471040 0 1230871 1230871 0 0 0 0
:
:vdbench503_vdbench_data_for_swat303
:date 04112019-13:59:43.000 04112019-13:59:44.000
0 0 0 0 0 0 0 0 0 0 0 0 0 0
:
:vdbench503_vdbench_data_for_swat303
:date 04112019-13:59:44.000 04112019-13:59:45.000
0 0 422 0 17401044 0 864256 0 1353223 1353223 0 0 0 0
:
:vdbench503_vdbench_data_for_swat303
:date 04112019-13:59:45.000 04112019-13:59:46.000
0 0 390 0 8012964 0 798720 0 222618 222618 0 0 0 0
:
:vdbench503_vdbench_data_for_swat303
:date 04112019-13:59:46.000 04112019-13:59:47.000
0 0 509 0 7970899 0 1042432 0 25983 25983 0 0 0 0
:
:vdbench503_vdbench_data_for_swat303
:date 04112019-13:59:47.000 04112019-13:59:48.000
0 0 367 0 8005833 0 751616 0 225528 225528 0 0 0 0
:
:vdbench503_vdbench_data_for_swat303
:date 04112019-13:59:49.000 04112019-13:59:50.000
0 0 164 0 4468730 0 671744 0 42861 42861 0 0 0 0
:
:vdbench503_vdbench_data_for_swat303
:date 04112019-13:59:50.000 04112019-13:59:51.000
0 0 222 0 7983984 0 909312 0 226821 226821 0 0 0 0
:
:vdbench503_vdbench_data_for_swat303
:date 04112019-13:59:51.000 04112019-13:59:52.000
0 0 125 0 3397593 0 512000 0 50814 50814 0 0 0 0
:
:vdbench503_vdbench_data_for_swat303
:date 04112019-13:59:52.000 04112019-13:59:53.000
0 0 0 0 0 0 0 0 0 0 0 0 0 0
:
:vdbench503_vdbench_data_for_swat303
:date 04112019-13:59:53.000 04112019-13:59:54.000
0 0 18 0 14475929 0 73728 0 1774507 1774507 0 0 0 0
:
:vdbench503_vdbench_data_for_swat303
:date 04112019-13:59:54.000 04112019-13:59:55.000
0 0 0 0 0 0 0 0 0 0 0 0 0 0
:
:vdbench503_vdbench_data_for_swat303
:date 04112019-13:59:55.000 04112019-13:59:56.000
0 0 191 0 20640115 0 782336 0 1965640 1965640 0 0 0 0
:
:vdbench503_vdbench_data_for_swat303
:date 04112019-13:59:56.000 04112019-13:59:57.000
0 0 114 0 4999064 0 466944 0 236436 236436 0 0 0 0
:
:vdbench503_vdbench_data_for_swat303
:date 04112019-13:59:57.000 04112019-13:59:58.000
0 0 0 0 0 0 0 0 0 0 0 0 0 0
:
:vdbench503_vdbench_data_for_swat303
:date 04112019-13:59:58.000 04112019-13:59:59.000
0 0 15 0 15423527 0 61440 0 1895894 1895894 0 0 0 0
