:date 04112019-13:52:57.000
:fixed_data
0 0 0 0 sd_sd_varlog
:
:vdbench503_vdbench_data_for_swat303
:date 04112019-13:52:58.000 04112019-13:53:07.000
0 0 0 268932 70913392 0 0 4087773 7237 0 7237 0 0 0
:
:vdbench503_vdbench_data_for_swat303
:date 04112019-13:53:09.000 04112019-13:53:18.000
0 0 6791 0 72152391 0 101636 0 1067577 1067577 0 0 0 0
:
:vdbench503_vdbench_data_for_swat303
:date 04112019-13:53:20.000 04112019-13:53:29.000
0 0 0 299613 71307759 0 0 2396904 8605 0 8605 0 0 0
:
:vdbench503_vdbench_data_for_swat303
:date 04112019-13:53:31.000 04112019-13:53:40.000
0 0 0 202791 71430082 0 0 3244656 6894 0 6894 0 0 0
:
:vdbench503_vdbench_data_for_swat303
:date 04112019-13:53:42.000 04112019-13:53:51.000
0 0 0 194417 71045621 0 0 6221344 6959 0 6959 0 0 0
:
:vdbench503_vdbench_data_for_swat303
:date 04112019-13:53:53.000 04112019-13:54:02.000
0 0 0 151738 70739173 0 0 9711232 225817 0 225817 0 0 0
:
:vdbench503_vdbench_data_for_swat303
:date 04112019-13:54:04.000 04112019-13:54:13.000
0 0 0 22683 71469030 0 0 2903424 284430 0 284430 0 0 0
:
:vdbench503_vdbench_data_for_swat303
:date 04112019-13:54:15.000 04112019-13:54:24.000
0 0 0 5887 71783995 0 0 1507072 215684 0 215684 0 0 0
:
:vdbench503_vdbench_data_for_swat303
:date 04112019-13:54:26.000 04112019-13:54:35.000
0 0 0 1634 71994338 0 0 1673216 351634 0 351634 0 0 0
:
:vdbench503_vdbench_data_for_swat303
:date 04112019-13:54:37.000 04112019-13:54:46.000
0 0 0 981 72077740 0 0 2009088 533816 0 533816 0 0 0
:
:vdbench503_vdbench_data_for_swat303
:date 04112019-13:54:48.000 04112019-13:54:57.000
0 0 0 549 70609723 0 0 2248704 732635 0 732635 0 0 0
:
:vdbench503_vdbench_data_for_swat303
:date 04112019-13:54:59.000 04112019-13:55:08.000
0 0 497 0 66258176 0 3976 0 2969223 2969223 0 0 0 0
:
:vdbench503_vdbench_data_for_swat303
:date 04112019-13:55:11.000 04112019-13:55:20.000
0 0 508 0 71745902 0 8128 0 2419366 2419366 0 0 0 0
:
:vdbench503_vdbench_data_for_swat303
:date 04112019-13:55:23.000 04112019-13:55:32.000
0 0 631 0 74349520 0 20192 0 2277407 2277407 0 0 0 0
:
:vdbench503_vdbench_data_for_swat303
:date 04112019-13:55:35.000 04112019-13:55:44.000
0 0 1545 0 70715567 0 98880 0 1726536 1726536 0 0 0 0
:
:vdbench503_vdbench_data_for_swat303
:date 04112019-13:55:47.000 04112019-13:55:56.000
0 0 6410 0 73127808 0 820480 0 1463403 1463403 0 0 0 0
:
:vdbench503_vdbench_data_for_swat303
:date 04112019-13:55:58.000 04112019-13:56:07.000
0 0 6704 0 71943680 0 1716224 0 107149 107149 0 0 0 0
:
:vdbench503_vdbench_data_for_swat303
:date 04112019-13:56:09.000 04112019-13:56:18.000
0 0 4589 0 71958895 0 4699136 0 1922346 1922346 0 0 0 0
:
:vdbench503_vdbench_data_for_swat303
:date 04112019-13:56:20.000 04112019-13:56:29.000
0 0 3591 0 71958644 0 7354368 0 1524627 1524627 0 0 0 0
:
:vdbench503_vdbench_data_for_swat303
:date 04112019-13:56:31.000 04112019-13:56:40.000
0 0 3158 0 71286947 0 12935168 0 1489448 1489448 0 0 0 0
:
:vdbench503_vdbench_data_for_swat303
:date 04112019-13:56:42.000 04112019-13:56:51.000
0 0 0 187554 71459381 0 0 1500432 19899 0 19899 0 0 0
:
:vdbench503_vdbench_data_for_swat303
:date 04112019-13:56:53.000 04112019-13:57:02.000
0 0 0 160310 71470360 0 0 2564960 22765 0 22765 0 0 0
:
:vdbench503_vdbench_data_for_swat303
:date 04112019-13:57:04.000 04112019-13:57:13.000
0 0 0 134962 71343605 0 0 4318784 10417 0 10417 0 0 0
:
:vdbench503_vdbench_data_for_swat303
:date 04112019-13:57:15.000 04112019-13:57:24.000
0 0 0 102955 71270022 0 0 6589120 18855 0 18855 0 0 0
:
:vdbench503_vdbench_data_for_swat303
:date 04112019-13:57:26.000 04112019-13:57:35.000
0 0 0 71625 71253427 0 0 9168000 18921 0 18921 0 0 0
:
:vdbench503_vdbench_data_for_swat303
:date 04112019-13:57:37.000 04112019-13:57:46.000
0 0 0 48123 71147097 0 0 12319488 203031 0 203031 0 0 0
:
:vdbench503_vdbench_data_for_swat303
:date 04112019-13:57:48.000 04112019-13:57:57.000
0 0 0 12916 70888278 0 0 13225984 210370 0 210370 0 0 0
:
:vdbench503_vdbench_data_for_swat303
:date 04112019-13:57:59.000 04112019-13:58:08.000
0 0 0 5414 70180175 0 0 11087872 213558 0 213558 0 0 0
:
:vdbench503_vdbench_data_for_swat303
:date 04112019-13:58:10.000 04112019-13:58:19.000
0 0 0 2622 70181094 0 0 10739712 416328 0 416328 0 0 0
:
:vdbench503_vdbench_data_for_swat303
:date 04112019-13:58:21.000 04112019-13:58:30.000
0 0 242394 0 71802131 0 1939152 0 6104 6104 0 0 0 0
:
:vdbench503_vdbench_data_for_swat303
:date 04112019-13:58:32.000 04112019-13:58:41.000
0 0 150656 0 71867040 0 2410496 0 7201 7201 0 0 0 0
:
:vdbench503_vdbench_data_for_swat303
:date 04112019-13:58:43.000 04112019-13:58:52.000
0 0 97282 0 71913177 0 3113024 0 3574 3574 0 0 0 0
:
:vdbench503_vdbench_data_for_swat303
:date 04112019-13:58:54.000 04112019-13:59:03.000
0 0 62045 0 71934649 0 3970880 0 7662 7662 0 0 0 0
:
:vdbench503_vdbench_data_for_swat303
:date 04112019-13:59:05.000 04112019-13:59:14.000
0 0 28589 0 71980932 0 3659392 0 1104986 1104986 0 0 0 0
:
:vdbench503_vdbench_data_for_swat303
:date 04112019-13:59:16.000 04112019-13:59:25.000
0 0 15954 0 66043760 0 4084224 0 1714250 1714250 0 0 0 0
:
:vdbench503_vdbench_data_for_swat303
:date 04112019-13:59:28.000 04112019-13:59:37.000
0 0 2940 0 71602680 0 3010560 0 2000195 2000195 0 0 0 0
:
:vdbench503_vdbench_data_for_swat303
:date 04112019-13:59:39.000 04112019-13:59:48.000
0 0 2701 0 71969324 0 5531648 0 1353223 1353223 0 0 0 0
:
:vdbench503_vdbench_data_for_swat303
:date 04112019-13:59:50.000 04112019-13:59:59.000
0 0 685 0 66920212 0 2805760 0 1965640 1965640 0 0 0 0
