:date 10092019-14:40:22.000
:fixed_data
0 0 0 0 sd_sd_varlog
:
:vdbench503_vdbench_data_for_swat303
:date 10092019-14:40:23.000 10092019-14:41:22.000
0 0 0 1562780 466135957 0 0 23906762 11703 0 11703 0 0 0
:
:vdbench503_vdbench_data_for_swat303
:date 10092019-14:41:24.000 10092019-14:42:23.000
0 0 885536 0 471355298 0 13440573 0 10608 10608 0 0 0 0
:
:vdbench503_vdbench_data_for_swat303
:date 10092019-14:42:25.000 10092019-14:43:24.000
0 0 0 1778582 467921157 0 0 14228656 40227 0 40227 0 0 0
:
:vdbench503_vdbench_data_for_swat303
:date 10092019-14:43:26.000 10092019-14:44:25.000
0 0 0 1225653 468072660 0 0 19610448 12887 0 12887 0 0 0
:
:vdbench503_vdbench_data_for_swat303
:date 10092019-14:44:27.000 10092019-14:45:26.000
0 0 0 1158162 465239190 0 0 37061184 11520 0 11520 0 0 0
:
:vdbench503_vdbench_data_for_swat303
:date 10092019-14:45:28.000 10092019-14:46:27.000
0 0 0 1020585 462815954 0 0 65317440 8703 0 8703 0 0 0
:
:vdbench503_vdbench_data_for_swat303
:date 10092019-14:46:29.000 10092019-14:47:28.000
0 0 0 813190 460058935 0 0 104088320 21582 0 21582 0 0 0
:
:vdbench503_vdbench_data_for_swat303
:date 10092019-14:47:30.000 10092019-14:48:29.000
0 0 0 573274 457383535 0 0 146758144 240830 0 240830 0 0 0
:
:vdbench503_vdbench_data_for_swat303
:date 10092019-14:48:31.000 10092019-14:49:30.000
0 0 0 185913 453347977 0 0 190374912 447496 0 447496 0 0 0
:
:vdbench503_vdbench_data_for_swat303
:date 10092019-14:49:32.000 10092019-14:50:31.000
0 0 0 95665 452153314 0 0 195921920 424213 0 424213 0 0 0
:
:vdbench503_vdbench_data_for_swat303
:date 10092019-14:50:33.000 10092019-14:51:32.000
0 0 0 41368 453065202 0 0 169443328 620554 0 620554 0 0 0
:
:vdbench503_vdbench_data_for_swat303
:date 10092019-14:51:34.000 10092019-14:52:33.000
0 0 1114682 0 471463014 0 8917456 0 12770 12770 0 0 0 0
:
:vdbench503_vdbench_data_for_swat303
:date 10092019-14:52:35.000 10092019-14:53:34.000
0 0 1057320 0 471442443 0 16917120 0 10949 10949 0 0 0 0
:
:vdbench503_vdbench_data_for_swat303
:date 10092019-14:53:36.000 10092019-14:54:35.000
0 0 883098 0 471514000 0 28259136 0 11197 11197 0 0 0 0
:
:vdbench503_vdbench_data_for_swat303
:date 10092019-14:54:37.000 10092019-14:55:36.000
0 0 662115 0 471586659 0 42375360 0 26366 26366 0 0 0 0
:
:vdbench503_vdbench_data_for_swat303
:date 10092019-14:55:38.000 10092019-14:56:37.000
0 0 423231 0 471210844 0 54173568 0 12611 12611 0 0 0 0
:
:vdbench503_vdbench_data_for_swat303
:date 10092019-14:56:39.000 10092019-14:57:38.000
0 0 298258 0 469985406 0 76354048 0 10198 10198 0 0 0 0
:
:vdbench503_vdbench_data_for_swat303
:date 10092019-14:57:40.000 10092019-14:58:39.000
0 0 122409 0 471008181 0 125346816 0 1990542 1990542 0 0 0 0
:
:vdbench503_vdbench_data_for_swat303
:date 10092019-14:58:42.000 10092019-14:59:41.000
0 0 68177 0 470929720 0 139626496 0 1939039 1939039 0 0 0 0
:
:vdbench503_vdbench_data_for_swat303
:date 10092019-14:59:45.000 10092019-15:00:44.000
0 0 40934 0 469658671 0 167665664 0 2006745 2006745 0 0 0 0
:
:vdbench503_vdbench_data_for_swat303
:date 10092019-15:00:47.000 10092019-15:01:46.000
0 0 0 1258435 468557056 0 0 10067480 40379 0 40379 0 0 0
:
:vdbench503_vdbench_data_for_swat303
:date 10092019-15:01:48.000 10092019-15:02:47.000
0 0 0 1075276 468511239 0 0 17204416 19057 0 19057 0 0 0
:
:vdbench503_vdbench_data_for_swat303
:date 10092019-15:02:49.000 10092019-15:03:48.000
0 0 0 930805 467346874 0 0 29785760 40190 0 40190 0 0 0
:
:vdbench503_vdbench_data_for_swat303
:date 10092019-15:03:50.000 10092019-15:04:49.000
0 0 0 719568 466770047 0 0 46052352 20854 0 20854 0 0 0
:
:vdbench503_vdbench_data_for_swat303
:date 10092019-15:04:51.000 10092019-15:05:50.000
0 0 0 516497 466411312 0 0 66111616 212880 0 212880 0 0 0
:
:vdbench503_vdbench_data_for_swat303
:date 10092019-15:05:52.000 10092019-15:06:51.000
0 0 0 330449 465602501 0 0 84594944 204629 0 204629 0 0 0
:
:vdbench503_vdbench_data_for_swat303
:date 10092019-15:06:53.000 10092019-15:07:52.000
0 0 0 67042 467581617 0 0 68651008 416992 0 416992 0 0 0
:
:vdbench503_vdbench_data_for_swat303
:date 10092019-15:07:54.000 10092019-15:08:53.000
0 0 0 34080 465560030 0 0 69795840 416765 0 416765 0 0 0
:
:vdbench503_vdbench_data_for_swat303
:date 10092019-15:08:55.000 10092019-15:09:54.000
0 0 0 17785 461476501 0 0 72847360 420356 0 420356 0 0 0
:
:vdbench503_vdbench_data_for_swat303
:date 10092019-15:09:56.000 10092019-15:10:55.000
0 0 1505994 0 470469304 0 12047952 0 13233 13233 0 0 0 0
:
:vdbench503_vdbench_data_for_swat303
:date 10092019-15:10:57.000 10092019-15:11:56.000
0 0 1001685 0 470983367 0 16026960 0 10566 10566 0 0 0 0
:
:vdbench503_vdbench_data_for_swat303
:date 10092019-15:11:58.000 10092019-15:12:57.000
0 0 674074 0 471341837 0 21570368 0 9424 9424 0 0 0 0
:
:vdbench503_vdbench_data_for_swat303
:date 10092019-15:12:59.000 10092019-15:13:58.000
0 0 364904 0 471601612 0 23353856 0 1695734 1695734 0 0 0 0
:
:vdbench503_vdbench_data_for_swat303
:date 10092019-15:14:00.000 10092019-15:14:59.000
0 0 181197 0 471791004 0 23193216 0 1994764 1994764 0 0 0 0
:
:vdbench503_vdbench_data_for_swat303
:date 10092019-15:15:01.000 10092019-15:16:00.000
0 0 128385 0 471824803 0 32866560 0 1820298 1820298 0 0 0 0
:
:vdbench503_vdbench_data_for_swat303
:date 10092019-15:16:03.000 10092019-15:17:02.000
0 0 38425 0 469062241 0 39347200 0 1943425 1943425 0 0 0 0
:
:vdbench503_vdbench_data_for_swat303
:date 10092019-15:17:05.000 10092019-15:18:04.000
0 0 14401 0 472307650 0 29493248 0 1988720 1988720 0 0 0 0
:
:vdbench503_vdbench_data_for_swat303
:date 10092019-15:18:07.000 10092019-15:19:06.000
0 0 8987 0 471891495 0 36810752 0 2036111 2036111 0 0 0 0
